id,EAP,HPL,MWS
id02310,0.030847101447872494,0.016384805657982664,0.9527680928941449
id24541,0.9620751988612665,0.035822952706267945,0.002101848432465534
id00134,0.018659622435508567,0.9664224363279537,0.014917941236537634
id27757,0.8822351498889761,0.10142478360601644,0.016340066505007435
id04081,0.5348426715463492,0.17685718423245025,0.2883001442212006
id27337,0.9702804486732984,0.0239868730884802,0.005732678238221428
id24265,0.8831236637097918,0.1093892300623488,0.007487106227859411
id25917,0.040902834939859425,0.27403144280911024,0.6850657222510304
id04951,0.9977854755415893,0.0017788360443459063,0.0004356884140647668
id14549,0.972984814879194,0.008960292544077654,0.018054892576728307
id22505,0.05294744156463987,0.07196005800478177,0.8750925004305784
id24002,0.002136315986773621,0.9928752239743931,0.004988460038833243
id18982,0.1563212294145937,0.4873942032655611,0.3562845673198453
id15181,0.052507378241487636,0.9376882071909416,0.009804414567570925
id21888,0.8284740773898968,0.05693835623915816,0.11458756637094504
id12035,0.010345413959834236,0.004466912465632674,0.985187673574533
id17991,0.23187883447383598,0.05116329569406721,0.7169578698320969
id10707,0.9993190373157022,0.00035654185338392634,0.0003244208309140976
id07101,0.34545345567586727,0.027490919187946352,0.6270556251361864
id00345,0.41380562575696866,0.556099535962524,0.030094838280507262
id05912,0.8021015721370129,0.1573412320370657,0.04055719582592124
id13443,0.9530346102270131,0.02584746497590649,0.021117924797080485
id09248,0.16373976063949897,0.0873271766804793,0.7489330626800217
id17542,0.23077303991422243,0.6822460870111435,0.08698087307463388
id06995,0.042828178692749935,0.014376727302175565,0.9427950940050744
id25159,0.5829622540939657,0.012793526216864486,0.4042442196891698
id25729,0.38652735614654027,0.42497006402338405,0.1885025798300756
id26949,0.8962495410209027,0.03864539616235447,0.06510506281674275
id27191,0.05041780574851289,0.03523726886444493,0.9143449253870423
id07668,0.50436571372009,0.004807750669280764,0.4908265356106293
id02230,0.05839968594068443,0.31158101793692955,0.6300192961223859
id15553,0.9906519391095655,0.0006810952636990666,0.008666965626735345
id25688,0.018598749568280643,0.9650279722021798,0.01637327822953949
id17545,0.9325349708540028,0.055223019111975045,0.012242010034022064
id13929,0.07372320162172115,0.2893812845481836,0.6368955138300951
id12880,0.25608453097715234,0.5787337918759731,0.1651816771468746
id19282,0.8780704127941789,0.0542045160651863,0.0677250711406349
id14690,0.007476589044575546,0.012550243863874879,0.9799731670915496
id17975,0.09764276590781223,0.8121545584764506,0.09020267561573718
id08037,0.8832947807487379,0.02567300286437581,0.09103221638688631
id15412,0.20932552341971625,0.00980064239848347,0.7808738341818002
id25032,0.7342206279599603,0.0758465631270364,0.18993280891300326
id27165,0.9968319652858737,0.0016993025385427228,0.0014687321755834154
id03327,0.4751604475725533,0.4738077744594515,0.05103177796799519
id18515,0.4672577430117305,0.05688426840984789,0.4758579885784216
id21003,0.2686550031277865,0.13394771441974,0.5973972824524736
id23855,0.010346582111697294,0.9427496304546863,0.0469037874336163
id20724,0.5816523599373962,0.2029649781766934,0.21538266188591046
id13303,0.48126095762109616,0.02436334003393796,0.4943757023449659
id16521,0.039861750638172995,0.20935561934987887,0.7507826300119481
id20775,0.9958074056012626,0.002911414839121986,0.0012811795596154396
id13029,0.9613411390516429,0.012294082994490077,0.026364777953867012
id14660,0.9396372297489266,0.04998544486071014,0.01037732539036314
id11028,0.006321941913564518,0.0041804204026803515,0.9894976376837552
id14180,0.976508438894332,0.014673746656954409,0.008817814448713605
id25860,0.9937309114207666,0.0047690331592536404,0.0015000554199797265
id11910,0.5355852320414639,0.03197989189332513,0.43243487606521086
id08065,0.14700870766756247,0.0401401577556189,0.8128511345768187
id22674,0.016762513990030842,0.01078079971845033,0.9724566862915188
id25018,0.2871711105034164,0.029954172337305435,0.6828747171592782
id10892,0.04773598888364407,0.9408300271298151,0.011433983986541012
id10217,0.24359548694130065,0.7107552590715179,0.045649253987181344
id12996,0.678473981153304,0.09647334451662998,0.22505267433006593
id18262,0.25253489486002595,0.6527294693700236,0.09473563576995055
id08606,0.004941211039024163,0.9901864329891508,0.004872355971825077
id17233,0.9190606316685725,0.016416493035654966,0.06452287529577261
id00101,0.5487329402247881,0.41726957371006024,0.03399748606515153
id12225,0.9220478490612096,0.043045142103950974,0.034907008834839534
id01364,0.0316327579766954,0.963184849643302,0.005182392380002604
id24973,0.74448108837094,0.0458212073623383,0.2096977042667218
id25363,0.4675363245334858,0.00342702340840405,0.5290366520581101
id10061,0.26345402826877506,0.04519779659055126,0.6913481751406737
id17673,0.22452150632086262,0.6817488604200088,0.09372963325912853
id13249,0.2876990605550038,0.15426477578285855,0.5580361636621376
id10107,0.21492803082087322,0.08008373105984189,0.7049882381192849
id04403,0.7423292108062933,0.03410405936740447,0.2235667298263022
id25728,0.970182645159719,0.012704384463885618,0.017112970376395458
id16184,0.4817178676216451,0.08885038872907676,0.42943174364927816
id03438,0.1186140836955387,0.008840565305465715,0.8725453509989954
id22923,0.014973311355085388,0.9834023411409936,0.0016243475039211279
id08610,0.9503856314180616,0.01338599615757859,0.03622837242435994
id25355,0.254851681025438,0.129417395317975,0.615730923656587
id16916,0.8802649029655183,0.08366350205413166,0.036071594980350105
id12793,0.07983526009321427,0.8875695341066645,0.032595205800121235
id11859,0.7193594004875105,0.021498510782062087,0.2591420887304274
id02434,0.9934342189757979,0.0030582282243879024,0.0035075527998141257
id27703,0.003374942774524636,0.0023147723654406162,0.9943102848600348
id25212,0.034788655714921846,0.9050166812119979,0.060194663073080246
id11308,0.0485553675194555,0.03247550958670694,0.9189691228938376
id26094,0.9522442950303739,0.01617265584870836,0.03158304912091776
id22080,0.887440964008477,0.09291421212205879,0.019644823869463982
id03545,0.9656109931882706,0.030882805115129024,0.0035062016966003772
id23725,0.009975093709905052,0.036265162905659364,0.9537597433844356
id12009,0.8275670722552761,0.1497653291220739,0.022667598622649977
id24241,0.08679759179703427,0.2582949978932849,0.6549074103096808
id03596,0.008271338287214217,0.9893188155528888,0.002409846159897109
id10749,0.09983562312351643,0.7568694182894092,0.1432949585870742
id22794,0.015534946739904135,0.05520899158910546,0.9292560616709903
id15482,0.14088369158479347,0.46130442431038277,0.3978118841048237
id04833,0.5621915877703296,0.318588962859289,0.11921944937038136
id00397,0.0069308501248057965,0.0007721486758292639,0.9922970011993648
id14691,0.07450187655743919,0.25016868825646776,0.6753294351860931
id05193,0.33063332157096326,0.032301742087895206,0.6370649363411416
id19541,0.9717502339870454,0.008712773152832552,0.019536992860122143
id22166,0.010317812347659333,0.004341017305469149,0.9853411703468715
id20744,0.01502774397477328,0.0057201650661774725,0.9792520909590493
id10392,0.0009395959968935009,0.09593777057235368,0.9031226334307529
id00770,0.9668419477457173,0.018268082024207332,0.014889970230075428
id06018,0.6210185564364987,0.329251387662706,0.04973005590079523
id15678,0.4581389328317977,0.03622979635051735,0.505631270817685
id08305,0.8400869878175856,0.14404618691247065,0.015866825269943777
id08903,0.752327717674753,0.028363127950494556,0.21930915437475249
id14752,0.40979933521627254,0.5185625925117332,0.07163807227199423
id12468,0.4088958191016319,0.5803582869886206,0.010745893909747464
id05085,0.5835072917312177,0.3069784940219405,0.10951421424684177
id21993,0.6374353014916738,0.005143716381830366,0.35742098212649587
id15503,0.8584817144537826,0.13037569888056855,0.011142586665648815
id03021,0.012407848088486962,0.9418766577050434,0.04571549420646954
id16123,0.9699118492518229,0.014424470424006594,0.015663680324170617
id19383,0.9757219835563942,0.012923258733147706,0.011354757710457984
id04186,0.9831318030653029,0.002435281575167153,0.01443291535952987
id17954,0.014272567309920187,0.01053109497400831,0.9751963377160716
id12030,0.09501509949752783,0.007344204891103342,0.8976406956113688
id13020,0.9333061622160613,0.0492860970960634,0.017407740687875425
id25327,0.015912024406292156,0.8547663821243543,0.1293215934693534
id16344,0.2612107452519049,0.08085562031928287,0.6579336344288121
id12303,0.08261974328166705,0.881265302851173,0.03611495386715987
id15017,0.7966664323201228,0.19818870931763155,0.0051448583622456185
id22308,0.2375671674696966,0.053196091483017086,0.7092367410472863
id06536,0.011901220025488195,0.020377956747023994,0.9677208232274879
id19797,0.1960537823230357,0.622388935537601,0.18155728213936329
id06332,0.6450912373002765,0.22499821510640838,0.1299105475933151
id22941,0.07476206670442044,0.4895262964200991,0.43571163687548037
id13547,0.04749261870473804,0.055126074125326746,0.8973813071699352
id06928,0.030869927809362666,0.003178206266386003,0.9659518659242513
id12521,0.6283008389635749,0.31636258359589886,0.055336577440526294
id25716,0.4890441432027726,0.011931606811492572,0.49902424998573497
id27116,0.006630316051686856,0.0005014750677783928,0.9928682088805348
id19941,0.05924109765619053,0.8787247377581272,0.062034164585682235
id05711,0.0014509850122431621,0.001073771640090731,0.9974752433476661
id02097,0.0198567335561952,0.06132731433043292,0.9188159521133719
id03563,0.002117201901149726,0.9923290767070543,0.005553721391795954
id02295,0.040425718204275984,0.9162587524271717,0.04331552936855225
id08179,0.9963859931218937,0.0014518721997249522,0.0021621346783813364
id05332,0.023276002780552054,0.9572898267839396,0.01943417043550839
id15697,0.4988984710652538,0.15401698787860577,0.34708454105614056
id17026,0.2505398079991344,0.05475112890656905,0.6947090630942966
id04243,0.276465563173869,0.6472809011200893,0.07625353570604179
id13175,0.9664036233187592,0.02543430078255284,0.008162075898688007
id05387,0.8694174839786841,0.04010067821117163,0.09048183781014424
id19989,0.9278434680452482,0.017092444393875132,0.05506408756087682
id25173,0.06151744549659613,0.05822181863863831,0.8802607358647655
id08925,0.047287427632602234,0.9369911587065817,0.015721413660816183
id03034,0.027913942181138858,0.9221963305213564,0.04988972729750462
id13272,0.013440736169126565,0.9713204165250703,0.015238847305803094
id07956,0.9060868555501862,0.021321121192847833,0.0725920232569659
id02648,0.07399249896522757,0.020956721677229187,0.9050507793575432
id01778,0.01915516014549796,0.024738967571331618,0.9561058722831705
id12846,0.008493456073358671,0.014811015381268458,0.9766955285453728
id19001,0.08675831948645571,0.02708385972850821,0.886157820785036
id05763,0.8052522866680996,0.02608254465525545,0.1686651686766448
id15590,0.018933476163243458,0.0017226455129928518,0.9793438783237638
id04912,0.7704385919705512,0.18743159692362268,0.04212981110582616
id21201,0.7631254151683682,0.11958795279446237,0.11728663203716948
id13215,0.9745222642926281,0.0018824438270391706,0.02359529188033276
id15612,0.1532416851748956,0.8114024829045934,0.03535583192051096
id18501,0.13712603132874326,0.053235936141163405,0.8096380325300934
id07223,0.8876831431290336,0.08668171650544695,0.025635140365519404
id06707,0.2838669550076638,0.2848635537795323,0.43126949121280383
id05238,0.0037008765529083325,0.9922578089579636,0.004041314489128155
id00935,0.008326976047926657,0.03985983774077395,0.9518131862112995
id00110,0.5401129323976174,0.04978685007217795,0.41010021753020465
id17476,0.892809895440854,0.09349448119614269,0.013695623363003371
id15170,0.9019389631682825,0.0744481492449754,0.023612887586742154
id13397,0.34250951483936626,0.13524071240579688,0.5222497727548369
id24283,0.825353290245549,0.13618849873702643,0.03845821101742448
id15234,0.976145491275073,0.021264150920463295,0.002590357804463593
id16884,0.23301912041727935,0.2552276519365952,0.5117532276461254
id07831,0.5175632205980671,0.26567803822715985,0.216758741174773
id16038,0.9716960885078073,0.025421984248533754,0.0028819272436588876
id03629,0.9722427381473695,0.021168416886556657,0.006588844966074029
id21019,0.8816942862263716,0.09033782672081464,0.027967887052813726
id21835,0.6733302420339258,0.13034004770450533,0.19632971026156887
id04480,0.10910290007478339,0.886464420971284,0.004432678953932542
id20838,0.3735261873031865,0.5599146610036186,0.06655915169319485
id24195,0.12378172748822805,0.3561545190521696,0.5200637534596023
id05448,0.6296681240815963,0.3306658856472721,0.03966599027113168
id15957,0.0286982253750139,0.9639710512402381,0.0073307233847481855
id19956,0.005813474951714216,0.001169461314685165,0.9930170637336007
id15104,0.04461490718755012,0.07947285763411165,0.8759122351783383
id17559,0.8131711099884774,0.15070698910852198,0.03612190090300053
id16839,0.1473846977036685,0.08904469224569653,0.763570610050635
id14493,0.7822549735296178,0.04094468281406251,0.17680034365631972
id08833,0.9583322970168511,0.013357304224679333,0.028310398758469583
id15723,0.17750315655526358,0.024433879016381933,0.7980629644283544
id02716,0.9479500933238042,0.016511317006668073,0.03553858966952793
id06689,0.09362255110771726,0.8781790544608342,0.02819839443144849
id18837,0.3847279703732163,0.05725081022811631,0.5580212193986673
id04466,0.7644874718108942,0.17080952577435934,0.06470300241474647
id00686,0.6885858540254851,0.013655251644521147,0.2977588943299938
id09010,0.20375181997368344,0.785962394274665,0.010285785751651686
id23353,0.9900146519659705,0.002835516933183316,0.007149831100846179
id00066,0.9515530323653828,0.03813870986471692,0.010308257769900313
id15724,0.4784376490384009,0.4058867994903178,0.11567555147128131
id23486,0.10613826162601991,0.0036442859562633287,0.8902174524177169
id22258,0.010577736815183753,0.008820003934638316,0.9806022592501779
id02292,0.7731338002603005,0.14981468525573408,0.07705151448396537
id16356,0.12295062418867847,0.03727815863914478,0.8397712171721768
id00235,0.8260228848308179,0.010223092875238246,0.16375402229394384
id25522,0.20722665567525966,0.04953777366222125,0.7432355706625191
id04204,0.04463797690082915,0.9430859092222786,0.012276113876892264
id22016,0.723827668757601,0.04851948952071171,0.2276528417216874
id06480,0.06216312195574155,0.9198463766826742,0.017990501361584126
id08718,0.20382545709754438,0.006090817512739841,0.7900837253897157
id05251,0.0066481366629066825,0.9886052397323642,0.00474662360472912
id03359,0.7764985539871214,0.009600542167229453,0.21390090384564903
id16117,0.023857591603077797,0.0027005930460656793,0.9734418153508565
id17000,0.014714245966506175,0.9770104148695057,0.008275339163988116
id01730,0.03634573896386035,0.9394882532207248,0.0241660078154149
id00630,0.8935840655047461,0.10015594634780087,0.0062599881474530526
id18175,0.29145312609152235,0.03377015596567399,0.6747767179428036
id00907,0.8426715786941482,0.1238035723342774,0.0335248489715744
id18251,0.06457296097724045,0.9278680539732963,0.007558985049463285
id25861,0.3458939410561684,0.2788876856359865,0.3752183733078451
id00398,0.9316977262150303,0.03591024898386529,0.03239202480110444
id27573,0.9915628656328536,0.001407133236933095,0.00703000113021338
id10022,0.07984395516885615,0.7032740631766047,0.21688198165453912
id15901,0.10255266872386189,0.0029806715649442657,0.8944666597111939
id00451,0.06173449625434509,0.3710203947669641,0.5672451089786908
id23129,0.056538960756547296,0.925165288597101,0.018295750646351614
id26498,0.49703440098116797,0.17913512351620237,0.32383047550262956
id14741,0.18399568802037614,0.6985151741664143,0.11748913781320969
id18453,0.31420645636847194,0.05586577189130338,0.6299277717402247
id08309,0.7537357448650012,0.2140845997791661,0.03217965535583265
id00320,0.9949951200886198,0.0019998738683756293,0.0030050060430045957
id07688,0.18821908207330326,0.26676032842915304,0.5450205894975437
id01556,0.0118181962908969,0.007720873189247967,0.9804609305198551
id00178,0.3627567975703937,0.03396809424027418,0.6032751081893322
id18902,0.0058672900590475835,0.013674622611121796,0.9804580873298306
id27002,0.5917134842609553,0.3380011807226054,0.07028533501643935
id21418,0.9948250196775772,0.0033691660529556145,0.0018058142694671808
id23018,0.04082226562500245,0.07282124815326613,0.8863564862217315
id07032,0.28107062264564503,0.1483426977139262,0.5705866796404288
id16195,0.8515121857391426,0.02793752985917926,0.12055028440167838
id11202,0.1918257527857219,0.7825597548067622,0.025614492407515902
id09578,0.9236260495823565,0.011685465523763209,0.06468848489388038
id26984,0.9246954522520549,0.009480922355889432,0.06582362539205555
id19856,0.028734488604660893,0.9651919335829529,0.006073577812386142
id12086,0.6218721803650641,0.05698800090736081,0.3211398187275752
id12052,0.07748228880386356,0.053861789164865455,0.868655922031271
id17728,0.006518286525748338,0.011411766906609435,0.9820699465676422
id24608,0.332072520845671,0.17951436840982726,0.48841311074450183
id21097,0.20908934091324421,0.17003045785958867,0.6208802012271671
id20179,0.002096009368592489,0.0028029125439346324,0.9951010780874728
id15144,0.7206475850071398,0.18511183102157824,0.09424058397128195
id00206,0.9840908086060538,0.008687906247986285,0.007221285145959878
id22285,0.04456294405158111,0.038318902264120505,0.9171181536842984
id06417,0.5204718101338126,0.35315701222753154,0.12637117763865585
id00215,0.08982125558949229,0.9007487136231415,0.009430030787366133
id04201,0.0924381773764022,0.06538026597688848,0.8421815566467094
id21771,0.9158747428338199,0.056905654796993554,0.027219602369186652
id12451,0.030429976815429888,0.2910146510471687,0.6785553721374015
id14250,0.05610987237535887,0.7513041371461295,0.19258599047851163
id03433,0.05844507473902081,0.9139651748435577,0.02758975041742145
id03303,0.010427668616305914,0.0035553687557728377,0.9860169626279214
id25901,0.09134459467000772,0.6938068336621724,0.21484857166781976
id06945,0.7210218790941108,0.021831603257429704,0.2571465176484596
id05664,0.7401284442514406,0.17136841988110757,0.08850313586745182
id05741,0.9945466318011561,0.0006160810032166685,0.004837287195627198
id10652,0.9462194547511321,0.020141421816759045,0.03363912343210884
id16300,0.9262284170245316,0.04496922311713023,0.028802359858338292
id12319,0.5201795613248033,0.282672102316509,0.1971483363586877
id07500,0.006911185442659767,0.9883650020218219,0.004723812535518366
id12478,0.3123491310104334,0.1993539462612276,0.4882969227283392
id03076,0.06116890065047719,0.02126525152627086,0.9175658478232519
id00969,0.08524994641576594,0.8458450361271169,0.06890501745711725
id23636,0.09374505350575735,0.7906628074755953,0.11559213901864748
id09791,0.10307059976214429,0.3945789656940568,0.5023504345437989
id05680,0.016847564975307556,0.9014839867027027,0.08166844832198976
id03672,0.06454421077566014,0.873743683153792,0.06171210607054798
id04286,0.010094341067050518,0.919854228033418,0.07005143089953152
id23883,0.005204993919044911,0.035633435493018915,0.9591615705879362
id11914,0.303531801360757,0.05417731160205163,0.6422908870371914
id20974,0.018613046178318937,0.9716749120484816,0.009712041773199426
id26125,0.1898403971348035,0.05313120306056542,0.757028399804631
id15543,0.09146496119469057,0.013465082057216547,0.895069956748093
id19471,0.9946718360482754,0.0025597560904543543,0.002768407861270322
id11503,0.8476827886962682,0.07509364735666507,0.07722356394706666
id09321,0.008877470074171792,0.8851540323374313,0.10596849758839688
id25560,0.0004284899114408716,0.000906450225036826,0.9986650598635222
id06726,0.15857463655268836,0.310976736151867,0.5304486272954446
id05709,0.9727727707102009,0.0038434577949192405,0.02338377149488001
id09788,0.20530709273911965,0.2621827801040907,0.5325101271567897
id05289,0.9912498798685078,0.005769204881455703,0.0029809152500364093
id11815,0.03610769296403935,0.9544204574135364,0.009471849622424141
id22422,0.6821672715525954,0.20429382606115998,0.11353890238624458
id25954,0.7806910395612865,0.08312840996890643,0.13618055046980698
id13601,0.4603178005272674,0.1871418484332046,0.352540351039528
id05677,0.9306284646187692,0.017144384164042067,0.05222715121718862
id10498,0.24125909272952348,0.746794128776036,0.011946778494440606
id02665,0.36230818134049614,0.5770418805051951,0.06064993815430875
id10114,0.08448571842532081,0.7795025397115212,0.1360117418631582
id26314,0.9315902094812634,0.06338935066068244,0.005020439858054278
id21240,0.7240658284095772,0.05106840281993239,0.22486576877049042
id15569,0.9793360089543975,0.016377936165862247,0.004286054879740461
id25928,0.09137381385608143,0.06891860557435532,0.8397075805695633
id22706,0.2129883675876817,0.7377714690341188,0.04924016337819933
id20877,0.002739174363243387,0.9864393032600027,0.010821522376753762
id04318,0.936622392408648,0.007553946302738168,0.055823661288613796
id18299,0.1258165857313887,0.46595013207139685,0.4082332821972143
id08126,0.016674892750328803,0.007161554870794615,0.9761635523788765
id14293,0.16838004901477638,0.013011619234480309,0.8186083317507433
id12759,0.9874702530285341,0.0011784544154306246,0.011351292556035376
id11983,0.2589803462573282,0.10328770566655457,0.6377319480761173
id05580,0.13052077235220863,0.7147617722165821,0.15471745543120938
id25846,0.23843067226617404,0.6000429614608617,0.16152636627296427
id01939,0.4483013510710075,0.06500599380205956,0.48669265512693277
id26327,0.12040732600005781,0.6852207845663223,0.19437188943361997
id11068,0.005871938343552875,0.000991626363316576,0.9931364352931307
id08404,0.9876180156946233,0.002400459549284128,0.009981524756092555
id27189,0.27591437362837595,0.6995197266782681,0.02456589969335599
id15119,0.013028604638589401,0.9652803678213046,0.021691027540105975
id26525,0.9758444813637243,0.005567655809755386,0.018587862826520224
id03618,0.7277163864717454,0.2011562428019285,0.07112737072632593
id27220,0.9880838140705671,0.005308743272472709,0.0066074426569600764
id18777,0.15638223649109484,0.013160873156395683,0.8304568903525096
id20213,0.9619778218149594,0.01791147470482793,0.02011070348021276
id20403,0.9002336158592288,0.05785063077296446,0.041915753367806646
id03777,0.24537058934800746,0.2911174476962005,0.46351196295579195
id10595,0.08644582962912672,0.8734118140136546,0.04014235635721868
id13816,0.33774347883695505,0.0651496336676883,0.5971068874953567
id05667,0.04154692643558083,0.005959932484667807,0.9524931410797512
id24629,0.8696018538739921,0.010100533132771816,0.12029761299323592
id20398,0.20217392028773093,0.14910264940242485,0.6487234303098443
id14108,0.005419762346717695,0.0016715268474803496,0.992908710805802
id06196,0.012174336845528714,0.9838403734532685,0.003985289701202905
id02800,0.7596481933505445,0.17900419417255967,0.06134761247689597
id18732,0.014679280488319424,0.9603717939473527,0.02494892556432779
id11915,0.021630755179372567,0.9691318299543209,0.009237414866306592
id09739,0.7451671856176777,0.10979433989125273,0.14503847449106952
id24672,0.9851972725094961,0.004329971917020685,0.010472755573483275
id00414,0.0030537937457880654,0.009676856015180688,0.9872693502390313
id16307,0.916768947783144,0.05135227894219957,0.0318787732746563
id14043,0.25903759662549586,0.007416386066617192,0.7335460173078869
id00517,0.0010750547318253336,0.0013770042398301775,0.9975479410283444
id09744,0.9665498571404529,0.030501978458674087,0.0029481644008729894
id19257,0.9920641909630217,0.0021676507199386514,0.005768158317039605
id15437,0.8200411387330251,0.1708488746445347,0.009109986622440171
id16352,0.05628978136618606,0.05282773150809316,0.8908824871257208
id18849,0.30925770454743023,0.011674950968235618,0.6790673444843343
id19434,0.0022472153259298043,0.9966836429458251,0.001069141728245048
id17928,0.08433876700931017,0.027066822000494352,0.8885944109901955
id16896,0.06501171064732532,0.03733811707392842,0.8976501722787462
id02135,0.017779577839947113,0.3282214750875775,0.6539989470724754
id15075,0.9914063598590706,0.006611512749378156,0.0019821273915511593
id27486,0.0071133568884454365,0.990923527891607,0.001963115219947738
id19422,0.8994486772847917,0.0935621568759989,0.006989165839209288
id09603,0.2518407202765338,0.7035815488465872,0.04457773087687897
id02133,0.11973986017278727,0.8292015684768252,0.05105857135038743
id03441,0.39977993717814764,0.008932774514936487,0.5912872883069159
id02398,0.02466485005916579,0.9607059121461877,0.014629237794646685
id05152,0.012816785363432722,0.012026282583108932,0.9751569320534584
id17838,0.4717975582547972,0.16394096991494153,0.3642614718302612
id25060,0.8531635606393857,0.13332398429736853,0.013512455063245799
id09998,0.11036930891741799,0.07003175505429195,0.8195989360282901
id01828,0.09256329125676631,0.7357235348941479,0.17171317384908583
id25377,0.4449417711766894,0.1366397098573204,0.4184185189659901
id22175,0.08288111927659347,0.9070077792116675,0.01011110151173912
id02974,0.09577941272385053,0.10462190422758787,0.7995986830485615
id26955,0.9883093523934442,0.010686857818558852,0.0010037897879969161
id21091,0.8912737477429001,0.04479881269845513,0.06392743955864481
id12802,0.7719698628972718,0.1655324003624472,0.062497736740281
id07432,0.004472449679937021,0.9904142855484798,0.005113264771583203
id18749,0.08174706197067086,0.7864284810715274,0.13182445695780173
id15030,0.00485164262528165,0.03254889877996558,0.9625994585947527
id17155,0.007209820450901971,0.9882562145196649,0.004533965029433118
id08128,0.007449021744589101,0.9779873304740452,0.014563647781365752
id25706,0.00532606754504313,0.9268540333743857,0.06781989908057107
id15645,0.9754318442105415,0.01602289357459456,0.008545262214863873
id04943,0.6130710833166803,0.2626852198676467,0.12424369681567296
id27566,0.0290992667985979,0.007285531384468322,0.9636152018169337
id11765,0.41883131787042005,0.07289289959796541,0.5082757825316147
id13783,0.45671098415459516,0.499576413253524,0.0437126025918808
id00492,0.04863314016126612,0.034364669392087106,0.9170021904466468
id27636,0.1491959925003944,0.054718307574005906,0.7960856999255996
id04273,0.9220872965341442,0.026624667568662115,0.051288035897193655
id02537,0.026777431830420983,0.016564424917732516,0.9566581432518466
id24349,0.861413738488083,0.11216200314181281,0.026424258370104137
id00023,0.007022007844728678,0.9702863576811679,0.022691634474103363
id23025,0.05048747043764457,0.9308562684445986,0.01865626111775689
id08722,0.9346346763320844,0.03427771282928543,0.03108761083863025
id02420,0.9910201226180664,0.0077060528090204744,0.0012738245729132715
id10811,0.9606401294498004,0.016109283020177452,0.023250587530022234
id04019,0.0134785054664529,0.07353605660567707,0.9129854379278701
id18334,0.7882433121826042,0.16930579795026784,0.04245088986712778
id16781,0.8270396831687896,0.14782240108479014,0.025137915746420283
id08773,0.8604143013069927,0.12433439705131799,0.015251301641689393
id19214,0.6545763357348339,0.2557190760394044,0.08970458822576184
id09589,0.01135378055240444,0.9774653411249751,0.01118087832262034
id24246,0.9416854365000616,0.05234094499505771,0.005973618504880734
id23577,0.41146533483521375,0.5841783918153707,0.004356273349415676
id09305,0.8822948976528832,0.028598014237657572,0.08910708810945914
id16460,0.2386954147477467,0.13907998729169657,0.6222245979605567
id21115,0.7133032358822455,0.18597433172759625,0.10072243239015811
id25996,0.40781150227931173,0.18009938556068303,0.41208911216000516
id02551,0.003266277157164647,0.008259409139524223,0.9884743137033112
id19352,0.009713655244371483,0.0010785870196888226,0.9892077577359396
id03806,0.02370512399626574,0.005801981808499174,0.9704928941952351
id26544,0.8462848173364053,0.009422606468791337,0.1442925761948032
id18761,0.9549793551948178,0.006782168131219661,0.038238476673962525
id24148,0.20812746970392973,0.7650508384848538,0.02682169181121646
id16095,0.13070114797971236,0.8129510724355059,0.05634777958478175
id18442,0.5999789521074776,0.14363330522140813,0.2563877426711142
id22596,0.0006831123915982649,0.0006855376271714894,0.9986313499812303
id23002,0.09967470787419187,0.034554318591115844,0.8657709735346923
id04797,0.9973371368670666,0.0015535021081411115,0.0011093610247923488
id06610,0.21725335756343012,0.018062048132415277,0.7646845943041546
id16173,0.419645826524946,0.43795461265400276,0.14239956082105132
id18292,0.13171719777258883,0.10211053501567469,0.7661722672117365
id27328,0.9871184288343937,0.002840905247051216,0.010040665918555108
id01695,0.0054719760233243485,0.9867276306831921,0.007800393293483584
id05761,0.5075912992239708,0.02099920696613384,0.4714094938098953
id16354,0.9882368597856629,0.004317662447435882,0.007445477766901282
id12207,0.1837689531164886,0.5443116757643593,0.271919371119152
id05665,0.06632173632247508,0.01833649309205134,0.9153417705854735
id01911,0.8988567048883931,0.06988962273736075,0.03125367237424618
id19153,0.14811037828752727,0.007160248550737175,0.8447293731617356
id10295,0.3129050984275952,0.11743405656459607,0.5696608450078087
id23038,0.4338382623149076,0.4581698908804749,0.10799184680461749
id23783,0.12054329123278096,0.8585382220009361,0.020918486766282992
id27879,0.9628108374666577,0.03517601393138789,0.0020131486019543516
id19190,0.08520564170431025,0.9103803435756275,0.004414014720062484
id05065,0.802405591540518,0.07603341850710851,0.12156098995237351
id21296,0.09249601413900214,0.8962585965619101,0.011245389299087742
id13262,0.11809134145348583,0.11046108257033259,0.7714475759761816
id10333,0.8981648591818812,0.029896756848187923,0.07193838396993087
id16677,0.48496099533752485,0.3834777597100487,0.13156124495242658
id01392,0.2677209950238604,0.10957211823409994,0.6227068867420398
id27874,0.9919657162385838,0.005763802666758098,0.002270481094658243
id02294,0.009721609496802387,0.934537025137866,0.055741365365331606
id18298,0.008817008217470503,0.021239118349834548,0.9699438734326951
id06997,0.9936123421340861,0.005066131679236307,0.001321526186677555
id05243,0.5829943029402533,0.25130510331082595,0.16570059374892068
id00860,0.015409914511151175,0.9527667091985981,0.031823376290250824
id26681,0.9898079678197003,0.007049641119292351,0.0031423910610074014
id06020,0.10171387930959373,0.0034966971693621857,0.894789423521044
id27683,0.9365040780734304,0.032893836305278736,0.030602085621290895
id17655,0.007218455363633815,0.9882764289531575,0.004505115683208699
id08817,0.08230633441331703,0.061040208579800616,0.8566534570068824
id11512,0.006514782134283273,0.023054593536009884,0.9704306243297068
id00478,0.27727636537119854,0.09266599279685361,0.6300576418319479
id02116,0.8782169501037826,0.020295227526573995,0.10148782236964324
id06746,0.9363431701893377,0.04671860076023776,0.016938229050424483
id03863,0.46468813454879626,0.47970127339012697,0.055610592061076713
id01802,0.49678347851523025,0.2835039406219384,0.21971258086283127
id11682,0.6554595956984995,0.052676163453370506,0.29186424084813
id04033,0.007991358374175793,0.9854860615406796,0.00652258008514461
id09286,0.0893934348578814,0.7664921428067449,0.1441144223353737
id12904,0.9887635979315983,0.0052784508090924906,0.005957951259309291
id07420,0.0030476174661464334,0.005006496467814037,0.9919458860660395
id22398,0.0015645427583846382,0.9967953159681919,0.001640141273423609
id00424,0.008049398280047724,0.004141732331000029,0.9878088693889523
id20960,0.9602012030889437,0.029657697788943428,0.01014109912211288
id10267,0.42801616444923496,0.5473428488744313,0.024640986676333878
id19330,0.49813038208715904,0.03087161515934645,0.47099800275349435
id00994,0.022683018415986675,0.9645309854048348,0.012785996179178595
id10785,0.3337959126050732,0.4033336097531046,0.26287047764182214
id00955,0.11742717030030855,0.850997853494042,0.03157497620564945
id09757,0.002327379296182564,0.995577640528496,0.00209498017532152
id10030,0.12376659619237981,0.025105376901629988,0.8511280269059901
id22952,0.01359625754297642,0.06462797471201204,0.9217757677450115
id21955,0.004915041873462705,0.040057054110914064,0.9550279040156232
id07674,0.5488285896995782,0.2727217913548901,0.17844961894553177
id13760,0.11141188857956247,0.8543390486093825,0.03424906281105508
id18166,0.9234528867673784,0.009720778861327268,0.06682633437129439
id23498,0.5237776240985725,0.4292848336380076,0.04693754226341992
id05296,0.9899083048349141,0.004285820314116105,0.005805874850969779
id26709,0.9652391343860788,0.021647643643786574,0.01311322197013464
id02853,0.9971707232810284,0.0016799225036542016,0.0011493542153175472
id06800,0.8212516722464348,0.06713000752791282,0.11161832022565235
id14758,0.4207266027671925,0.5547218019686075,0.02455159526420003
id12356,0.9914802344409165,0.005517810606495808,0.003001954952587802
id21492,0.9288863048858276,0.026122036836349723,0.044991658277822484
id27540,0.2256136226806817,0.049639539854892695,0.7247468374644256
id07376,0.05471545965202881,0.4014755703957887,0.5438089699521824
id15201,0.2558440922523414,0.5000838727081693,0.2440720350394893
id23388,0.041470104046526325,0.8899146729224048,0.06861522303106905
id13923,0.021983174820319265,0.9735418541502079,0.0044749710294730806
id00794,0.004543346403792612,0.9742824125032232,0.02117424109298406
id23910,0.041012260431823745,0.0680667456485946,0.8909209939195816
id02556,0.02682729048413809,0.05114795944729577,0.9220247500685661
id22151,0.010067774064145094,0.9880163632359614,0.0019158626998935031
id11698,0.10790747256877666,0.7148595616247649,0.17723296580645842
id11627,0.2335803949800121,0.03706162918662646,0.7293579758333614
id06340,0.9848513306625656,0.0036111557022370463,0.011537513635197408
id05123,0.9431921245423872,0.004675274372174793,0.052132601085438116
id26620,0.014995841182600965,0.0026021335913536036,0.9824020252260454
id04002,0.06667998554787374,0.18490715194556,0.7484128625065662
id26554,0.20885592219171004,0.511208442765054,0.279935635043236
id18012,0.4599094223387075,0.062006749887624064,0.4780838277736685
id12964,0.32476312990151945,0.033381214715066956,0.6418556553834136
id18965,0.024167202576921183,0.325162644756603,0.6506701526664759
id19082,0.32799528490311713,0.010756951982182654,0.6612477631147002
id26742,0.12688606747957198,0.0022712009305317117,0.8708427315898962
id15442,0.067843193853867,0.9263892081685161,0.0057675979776168115
id16647,0.7384127337652167,0.05078139863081582,0.21080586760396758
id11544,0.4010613243316116,0.0922422794392843,0.5066963962291041
id20581,0.4161403376301654,0.18712629301875625,0.3967333693510785
id13192,0.31019426831131075,0.46942650573057587,0.22037922595811343
id15814,0.3537216492491121,0.35242633494016545,0.2938520158107224
id26279,0.1277854236436811,0.8579928902067384,0.014221686149580557
id00240,0.9775521511368287,0.010362043867475973,0.012085804995695323
id22836,0.979121257708312,0.001930422931824212,0.018948319359863703
id15085,0.05547454871697723,0.7796015947244621,0.16492385655856065
id17495,0.4538772342640886,0.08930413141862356,0.4568186343172877
id26762,0.8942451565129451,0.016877273001143566,0.0888775704859114
id13685,0.9959132195109384,0.00011646665226259877,0.0039703138367989926
id16560,0.01521262417667333,0.980412725608516,0.004374650214810523
id17184,0.004783880368175468,0.9873171242444561,0.007898995387368466
id21635,0.9955638919000305,0.0024603289765396386,0.0019757791234299134
id26751,0.22521270856104142,0.6747031991450789,0.10008409229387973
id12351,0.9330944845337464,0.007100537501355545,0.05980497796489806
id14872,0.604445270441125,0.21064518578455013,0.18490954377432486
id18372,0.9716594951446773,0.006465980762783614,0.02187452409253921
id26851,0.9415849334009556,0.032370227527364494,0.026044839071679784
id22659,0.9534336149241632,0.04396013915803666,0.0026062459178000396
id04102,0.016683558080034112,0.0019211303582853574,0.9813953115616806
id02353,0.02401735924682617,0.9078833825560232,0.06809925819715075
id26721,0.991260517472351,0.004367114092459648,0.004372368435189297
id11171,0.8228026434780712,0.02522439055945615,0.15197296596247264
id13562,0.34181271424133236,0.601482630168739,0.05670465558992864
id26425,0.4559646623484089,0.08046071017500621,0.46357462747658496
id26394,0.4162051991729484,0.08513832243574354,0.49865647839130806
id22187,0.7220002164926044,0.20367935894966577,0.07432042455772987
id00422,0.9920375549006681,0.0067598568490665435,0.001202588250265356
id22667,0.0041760468353074015,0.9933425961682176,0.002481356996474996
id00911,0.9115208093862001,0.020297864831702,0.06818132578209811
id17291,0.10396099083125472,0.07349902495220109,0.8225399842165443
id01915,0.04736905187650457,0.32953536438987213,0.6230955837336233
id01434,0.1517102735629673,0.053424563265222096,0.7948651631718107
id01584,0.7842782764957464,0.014851597628102254,0.20087012587615127
id09266,0.9713956684091928,0.012238456834157231,0.016365874756649947
id17494,0.0036746987767601732,0.9921265798643238,0.0041987213589160435
id24919,0.6378926411108713,0.17466974396502488,0.18743761492410377
id21043,0.06803773963044,0.0017628441681558657,0.9301994162014042
id17796,0.09389122785656265,0.8947564705993902,0.011352301544046995
id02166,0.3475489387337816,0.07627972523629156,0.5761713360299268
id17503,0.8828401920384648,0.051194859345238236,0.06596494861629716
id21203,0.906531686738647,0.04074205085720789,0.05272626240414505
id25626,0.9973292975622496,0.0016641868089114066,0.0010065156288387744
id09836,0.9862869072731449,0.003461895009421857,0.010251197717433125
id24202,0.06468828921895246,0.0843780596412639,0.8509336511397836
id27260,0.5459750807047613,0.10019575306021043,0.35382916623502825
id23167,0.007460178641801168,0.0022848190749714405,0.9902550022832275
id10393,0.006891290922132595,0.9888569776036515,0.004251731474215744
id01171,0.9111246558867679,0.08232038683495654,0.006554957278275318
id06380,0.9805668593171474,0.009620529846455329,0.009812610836397302
id22686,0.09005191390039871,0.011329895881143897,0.8986181902184573
id26250,0.05551484833214505,0.007747941550554161,0.9367372101173008
id09315,0.09829643777812667,0.7382566242108896,0.16344693801098376
id00886,0.016782558675261725,0.9016189703972645,0.0815984709274737
id03101,0.9146323467138143,0.024454959723851012,0.06091269356233471
id12367,0.8955827265989239,0.0038617632268735345,0.10055551017420264
id10770,0.9011767932970792,0.05713183432032074,0.04169137238260006
id14949,0.04745982416969749,0.9355693160336312,0.016970859796671157
id14141,0.3537727075233217,0.572142966031754,0.07408432644492442
id25417,0.3822703812819743,0.4813846383106445,0.13634498040738105
id26873,0.8814738230237995,0.10020089287654096,0.018325284099659694
id10818,0.17405764714846153,0.051134929323387986,0.7748074235281505
id15146,0.9070854508840284,0.025840224227893987,0.06707432488807756
id23328,0.7506528834087167,0.17630013505000733,0.07304698154127584
id16765,0.08289852408121721,0.89579516046834,0.021306315450442873
id24383,0.9696567809997491,0.0019397074663413134,0.028403511533909534
id21304,0.9866101977963236,0.0081531185467253,0.00523668365695114
id12551,0.01956989841932906,0.9532972690730765,0.02713283250759442
id23274,0.01150862411475343,0.04525558194883937,0.9432357939364072
id08117,0.949235291393309,0.014044551955422688,0.03672015665126822
id23961,0.9636564077384164,0.00861560673838415,0.02772798552319944
id13865,0.03891532779047298,0.9310577446818169,0.030026927527710214
id22807,0.36206082735582734,0.04029164100719232,0.5976475316369804
id08951,0.07920923419306321,0.016007845502938867,0.904782920303998
id18684,0.9903403041819461,0.007088748188788644,0.0025709476292651258
id25179,0.17681783283422106,0.5968779311962924,0.22630423596948654
id27033,0.7468014545595758,0.03313344242011009,0.22006510302031398
id13977,0.03894363726928613,0.9047353804351,0.05632098229561386
id19337,0.0017604867280807753,0.9932474863576087,0.004992026914310546
id25764,0.01745645535856386,0.9771917800267171,0.0053517646147188845
id16106,0.1961693198415243,0.03255619263153848,0.7712744875269372
id05468,0.09612570584170532,0.010192378448762304,0.8936819157095324
id05241,0.9875375319656428,0.0013208032968613874,0.011141664737495833
id10215,0.296909381003498,0.5209712087692063,0.1821194102272958
