id,EAP,HPL,MWS
id02310,0.037622159787368804,0.019216881723249427,0.9431609584893818
id24541,0.9803291082389824,0.018322675521937924,0.001348216239079611
id00134,0.002631987640859574,0.9962017753559322,0.0011662370032081615
id27757,0.9326808782958059,0.046827734533427236,0.020491387170766893
id04081,0.2633192708196443,0.46113235007291475,0.275548379107441
id27337,0.9521095770268863,0.044677801187190475,0.003212621785923386
id24265,0.863039233474458,0.13550746599484395,0.001453300530698133
id25917,0.05018396910424445,0.7874092806907099,0.16240675020504564
id04951,0.9992724880511225,0.000571492535145896,0.00015601941373175594
id14549,0.9674630350300815,0.009891661763400545,0.022645303206517947
id22505,0.0040236406888544815,0.0029597199245395387,0.993016639386606
id24002,0.000379233236947221,0.9992792279882317,0.00034153877482123333
id18982,0.06691473301762241,0.3514766270688557,0.5816086399135219
id15181,0.010631597999010419,0.983588764592839,0.005779637408150645
id21888,0.5031072522352865,0.3032030551133372,0.19368969265137623
id12035,0.012781261331344407,0.0008798675293615835,0.986338871139294
id17991,0.15550544244059583,0.03286266347904464,0.8116318940803594
id10707,0.9994868399684275,0.0004266966165117298,8.646341506069209e-05
id07101,0.45337148997961196,0.011828748993453372,0.5347997610269347
id00345,0.08781987034080802,0.9096502668869747,0.002529862772217217
id05912,0.6309811693126941,0.3550784380505288,0.013940392636777092
id13443,0.8381994439924992,0.027342087861824665,0.13445846814567608
id09248,0.03905493250936737,0.009678212674831287,0.9512668548158014
id17542,0.15023209172958155,0.73328410497589,0.11648380329452833
id06995,0.03737480126521201,0.008519619178815779,0.9541055795559722
id25159,0.5821626096558756,0.010081691029341536,0.4077556993147828
id25729,0.36094030084124157,0.6005919710852035,0.03846772807355486
id26949,0.8272840219088472,0.1450863701011192,0.02762960799003365
id27191,0.17181786278812733,0.027552072899437553,0.8006300643124352
id07668,0.8026985226895517,0.003013524837247539,0.19428795247320071
id02230,0.04162018045486654,0.709486542617388,0.24889327692774557
id15553,0.9947653981021645,6.844101999650036e-05,0.005166160877839233
id25688,0.002655023686708623,0.9944261625425921,0.00291881377069931
id17545,0.8642293736318167,0.12612569611440147,0.009644930253781834
id13929,0.08948480868911157,0.10005407897129985,0.8104611123395887
id12880,0.0701658813722153,0.5448605033332818,0.3849736152945029
id19282,0.9764087834238092,0.017608845955824726,0.005982370620366023
id14690,0.006690601156725977,0.0072871389249081564,0.9860222599183659
id17975,0.006901145108097859,0.9839980872721957,0.009100767619706358
id08037,0.7247572114260632,0.01419867946809727,0.2610441091058396
id15412,0.1910789575887451,0.005823717420490674,0.8030973249907642
id25032,0.7842078917376695,0.02427721260391823,0.1915148956584123
id27165,0.9986729892952467,0.0004892207188077359,0.0008377899859454026
id03327,0.3513101871242576,0.4857365242139344,0.162953288661808
id18515,0.5458406281711521,0.02121380546035233,0.4329455663684956
id21003,0.1469793008206331,0.26395949425760423,0.5890612049217627
id23855,0.014635426044701822,0.9316459747754469,0.053718599179851154
id20724,0.7312552840645854,0.18640680775512838,0.08233790818028622
id13303,0.32009858322325235,0.006593001986313149,0.6733084147904344
id16521,0.024865945026303012,0.1147341004174696,0.8603999545562274
id20775,0.9835255011587528,0.015989948130032107,0.00048455071121509267
id13029,0.9837761032547733,0.003569714434483209,0.012654182310743436
id14660,0.5798682098450623,0.4097158020032811,0.01041598815165656
id11028,0.013618175741641944,0.0033080406098962806,0.9830737836484618
id14180,0.9894078619929007,0.005932450050127459,0.004659687956972037
id25860,0.9923558520904412,0.0028694965063440405,0.004774651403214739
id11910,0.7349972056130716,0.012587452875053882,0.25241534151187467
id08065,0.07256312019929993,0.08921579841136314,0.838221081389337
id22674,0.008979325848584543,0.003966971085791624,0.9870537030656238
id25018,0.06520888318891395,0.003636485016574699,0.9311546317945113
id10892,0.004190947308658342,0.9952332261279896,0.0005758265633519478
id10217,0.022624908207755007,0.9455384051312447,0.031836686661000264
id12996,0.1942773502407513,0.016318669562178485,0.7894039801970701
id18262,0.10941336437975799,0.8653508459697444,0.02523578965049751
id08606,0.0008119641888779071,0.9984541819624438,0.0007338538486783616
id17233,0.8540813917438437,0.01980975446885063,0.12610885378730577
id00101,0.5051230478668872,0.44968868278520935,0.04518826934790337
id12225,0.8643620046909445,0.08489218920543071,0.050745806103624794
id01364,0.0008867427280135229,0.9989448165703269,0.00016844070165967538
id24973,0.8228932871120377,0.04808021786165031,0.12902649502631186
id25363,0.7435129602028935,0.0006245582119077816,0.25586248158519864
id10061,0.130962561393968,0.011269006809956426,0.8577684317960756
id17673,0.03845615857201493,0.9337381453812875,0.027805696046697456
id13249,0.3302877243232076,0.10968938156882714,0.5600228941079652
id10107,0.1443510742473088,0.135273062570702,0.7203758631819892
id04403,0.3877574486696594,0.024875119667426823,0.5873674316629138
id25728,0.9876794024794533,0.003163646104799119,0.009156951415747626
id16184,0.19001276249838875,0.03159759880486591,0.7783896386967453
id03438,0.13787939238173572,0.0010117989221355645,0.8611088086961287
id22923,0.017049961451007033,0.9827309013093505,0.00021913723964254306
id08610,0.9765370053848771,0.011821893413606639,0.011641101201516077
id25355,0.16639876211883714,0.27985844734961474,0.5537427905315481
id16916,0.7612349194670045,0.2301675802246439,0.008597500308351713
id12793,0.0443603126366294,0.9511711924011186,0.004468494962251922
id11859,0.8198300141145616,0.001778943645143433,0.17839104224029503
id02434,0.9989479555939059,0.0005047762036983603,0.000547268202395571
id27703,0.0038959564928148093,0.004237866544845847,0.9918661769623393
id25212,0.008286730203238418,0.9868728400041523,0.004840429792609214
id11308,0.06411479426268439,0.07173157838902688,0.8641536273482887
id26094,0.8996188318168322,0.007861436951206523,0.09251973123196112
id22080,0.925664295128705,0.06585912709356703,0.008476577777728169
id03545,0.9665265747823509,0.03270141049104153,0.0007720147266077683
id23725,0.0043035826556960055,0.0038883419760806772,0.9918080753682234
id12009,0.9605246225815623,0.03549337616470175,0.0039820012537357275
id24241,0.027371223697128935,0.045720417000568316,0.9269083593023029
id03596,0.000975331532485224,0.9988955639268718,0.0001291045406428628
id10749,0.2801394956962009,0.5744087741910063,0.14545173011279267
id22794,0.022739143793770046,0.02516872712953034,0.9520921290766996
id15482,0.03578014368361539,0.32443811648037846,0.6397817398360062
id04833,0.5863976182042185,0.395013947372607,0.018588434423174396
id00397,0.0021306210581033733,0.00032209032879644474,0.9975472886131
id14691,0.04225082449890201,0.5778424131591198,0.37990676234197823
id05193,0.9001445927704379,0.009474805404539552,0.09038060182502249
id19541,0.9841108866482714,0.0040335650172828325,0.011855548334445944
id22166,0.02086483906507653,0.006716592530411043,0.9724185684045126
id20744,0.005805012413620156,0.0007684627537459502,0.9934265248326339
id10392,0.0005337182752951832,0.033929482426754046,0.9655367992979507
id00770,0.9763449045354883,0.005809749815750341,0.017845345648761515
id06018,0.5928971086264669,0.39884213445063976,0.008260756922893249
id15678,0.2461816744482703,0.1377709171242902,0.6160474084274394
id08305,0.808503439972849,0.1856013742742468,0.005895185752904351
id08903,0.6318763880225613,0.00984429785409402,0.35827931412334457
id14752,0.4061751321356044,0.5442950008268926,0.049529867037502985
id12468,0.04014439365682959,0.9588549921017068,0.001000614241463465
id05085,0.8005508517194947,0.14845486308688394,0.05099428519362146
id21993,0.7558174485285918,0.00258643433057434,0.24159611714083387
id15503,0.909867614592799,0.08751595226860694,0.002616433138594012
id03021,0.0023108805094941304,0.9908033380017573,0.00688578148874864
id16123,0.9877147174948321,0.006596880130879594,0.00568840237428828
id19383,0.9776177928440126,0.01780428798154941,0.004577919174437805
id04186,0.9897482153809564,0.001587433646820557,0.00866435097222306
id17954,0.002011498323499588,0.0004733359050522315,0.9975151657714482
id12030,0.0870806665455824,0.002113416426303742,0.9108059170281139
id13020,0.9875607734979458,0.007729257383730828,0.004709969118323341
id25327,0.0030660474403075943,0.9951359945362229,0.0017979580234695918
id16344,0.0650039024727338,0.021790328997401662,0.9132057685298645
id12303,0.021835049307891093,0.9748158509267053,0.0033490997654036176
id15017,0.7988176005827734,0.2002142676718679,0.000968131745358731
id22308,0.5337730593109605,0.07300242413356495,0.39322451655547447
id06536,0.01670219969392603,0.01455452457193857,0.9687432757341353
id19797,0.12594947299692943,0.47404383080022433,0.4000066962028463
id06332,0.5497628712034801,0.3241455475869885,0.12609158120953132
id22941,0.21406322247326182,0.6687531804635741,0.11718359706316402
id13547,0.007698352050819413,0.0034490196403688194,0.9888526283088118
id06928,0.016554811689930518,0.0005610803667150594,0.9828841079433546
id12521,0.07841984320063482,0.9133059924958995,0.008274164303465736
id25716,0.5424145317539496,0.0041935029288753724,0.45339196531717507
id27116,0.0010878286003750796,7.329266601393746e-05,0.9988388787336109
id19941,0.014402604097112026,0.9834458631296108,0.0021515327732769935
id05711,0.0009249679557925863,0.00047592068704545694,0.9985991113571621
id02097,0.0034420501398539347,0.0027798115972027864,0.9937781382629431
id03563,0.0013820041317877073,0.9952188644029387,0.003399131465273686
id02295,0.021093948986128253,0.9211782395753959,0.05772781143847586
id08179,0.9963570614460915,0.001346248748919262,0.0022966898049892196
id05332,0.03662156363947369,0.952685670175416,0.01069276618511034
id15697,0.6361684839832552,0.2814081218571038,0.08242339415964116
id17026,0.07762613607724987,0.024095760136809294,0.898278103785941
id04243,0.34050930839097476,0.6007950488568549,0.0586956427521704
id13175,0.9886709588582289,0.009782565565389175,0.0015464755763819084
id05387,0.9311301036717915,0.03590579444374247,0.032964101884465906
id19989,0.9538945494603813,0.02244112666035247,0.02366432387926607
id25173,0.04597228408020239,0.032033135926472604,0.921994579993325
id08925,0.004364489532465778,0.9946608126681923,0.0009746977993420705
id03034,0.01667022123815758,0.9205858133303735,0.06274396543146894
id13272,0.012259935837240131,0.9833619720336507,0.004378092129109142
id07956,0.9752000138302575,0.004246815309119792,0.020553170860622718
id02648,0.02388960448093854,0.00917767850596566,0.9669327170130958
id01778,0.042986042959905664,0.010310307358398423,0.9467036496816958
id12846,0.0018251970328046602,0.0008798947509600884,0.9972949082162353
id19001,0.3620624607728133,0.02569263913599196,0.6122449000911947
id05763,0.8689037043182261,0.008288087086321979,0.12280820859545181
id15590,0.005698947501565752,0.0003935776229871729,0.993907474875447
id04912,0.13362165014350008,0.7992963802821246,0.06708196957437543
id21201,0.8148828471920181,0.08780957153365779,0.09730758127432412
id13215,0.9890412700797141,0.002105425944497657,0.008853303975788138
id15612,0.015346195598409168,0.9835397513500234,0.0011140530515676651
id18501,0.14711972137833887,0.03232071650265975,0.8205595621190013
id07223,0.869441392608684,0.1248932863594154,0.005665321031900676
id06707,0.34274894348248636,0.09201486177502526,0.5652361947424883
id05238,0.0004504991943071723,0.9993988129108858,0.00015068789480700035
id00935,0.003900264277056973,0.014301313932681588,0.9817984217902614
id00110,0.9018391567478345,0.04631658617110654,0.05184425708105902
id17476,0.955077044614964,0.042587230088536286,0.002335725296499709
id15170,0.9204988039771343,0.07493918141410146,0.004562014608764222
id13397,0.5811220362727008,0.21327593132329267,0.20560203240400654
id24283,0.9249033243845702,0.06509043796067485,0.010006237654754939
id15234,0.9598581170118802,0.038976471321774564,0.001165411666345281
id16884,0.23572774013957015,0.36026977848851205,0.40400248137191785
id07831,0.6267255903390143,0.2649664870946119,0.10830792256637378
id16038,0.9677428053709236,0.029025310355329223,0.0032318842737472735
id03629,0.9783440020962395,0.01881871760722434,0.002837280296536249
id21019,0.7230499182692645,0.2571441401314839,0.019805941599251777
id21835,0.6123773030266152,0.11236692984801692,0.275255767125368
id04480,0.00479836518762674,0.9951337229473841,6.791186498926462e-05
id20838,0.07140188804559816,0.913121514466779,0.015476597487622798
id24195,0.01968740456406885,0.8761273389140423,0.10418525652188883
id05448,0.8039868266548013,0.18117838122069627,0.014834792124502477
id15957,0.03554785801922413,0.9592993708811921,0.005152771099583846
id19956,0.003673397606556244,0.0001963313587544878,0.9961302710346893
id15104,0.4789447519002399,0.11421479350746837,0.4068404545922916
id17559,0.5322610635004318,0.45219975992983585,0.015539176569732404
id16839,0.04251842001906637,0.04439405306526249,0.9130875269156712
id14493,0.9576413176097174,0.0033576019528336392,0.039001080437448946
id08833,0.9426537366597627,0.00705583085350738,0.050290432486729875
id15723,0.2536350722231391,0.006020723508185741,0.7403442042686751
id02716,0.9685883209887036,0.012081644241051119,0.019330034770245304
id06689,0.019995129494502786,0.9789859647480816,0.0010189057574154707
id18837,0.41591890626206296,0.08094795344695661,0.5031331402909804
id04466,0.9323546210118355,0.039134856516539925,0.028510522471624663
id00686,0.14393001706393038,0.0050532301352285945,0.851016752800841
id09010,0.1124440733405309,0.8867881321907195,0.0007677944687498007
id23353,0.9350612278546678,0.002128761154332244,0.06281001099099984
id00066,0.9876676271028626,0.00925475648260266,0.0030776164145347247
id15724,0.08314019214617896,0.902984823699192,0.013874984154629049
id23486,0.007359396807447768,0.000386282847419549,0.9922543203451327
id22258,0.009280013937252708,0.004007355835344033,0.9867126302274033
id02292,0.8496236018973092,0.1234328387135906,0.026943559389100178
id16356,0.10703355789952718,0.03395312003241846,0.8590133220680545
id00235,0.8543813446486064,0.06301095114226679,0.08260770420912687
id25522,0.06829630075185479,0.0056032323809038515,0.9261004668672415
id04204,0.008564192185843244,0.9905351080192659,0.0009006997948907523
id22016,0.4333366986090466,0.020723399094666445,0.5459399022962869
id06480,0.12389915960569911,0.8726909078315163,0.003409932562784758
id08718,0.10462892689019389,0.0022010006832774583,0.8931700724265287
id05251,0.0014441395945413004,0.9973717275781485,0.0011841328273101519
id03359,0.6383661215035135,0.020917372659622114,0.3407165058368644
id16117,0.029677088833033504,0.0016941561080145052,0.968628755058952
id17000,0.0016524182564985842,0.9975778250585928,0.0007697566849085622
id01730,0.025731526510995306,0.9673010337799843,0.006967439709020552
id00630,0.980886742050544,0.018681712529031905,0.00043154542042417126
id18175,0.0684455212558855,0.015050957833544442,0.9165035209105701
id00907,0.894084115434331,0.06374721623723317,0.042168668328435736
id18251,0.008496610522329815,0.9910504010550083,0.0004529884226618377
id25861,0.23745746129577566,0.1343627431121379,0.6281797955920865
id00398,0.8787038909443254,0.09245499784229569,0.028841111213378838
id27573,0.995933646802983,0.00022750333576052466,0.0038388498612564157
id10022,0.3059390504754539,0.5116478581291383,0.18241309139540784
id15901,0.01672274585855524,0.0005173158730489357,0.9827599382683958
id00451,0.09413477122691405,0.44245021111761285,0.46341501765547305
id23129,0.009167950403505213,0.9880611025738075,0.002770947022687127
id26498,0.2105285140304773,0.20384841826366973,0.585623067705853
id14741,0.35311710075267677,0.25520230702040403,0.39168059222691926
id18453,0.15369768223976896,0.03741763860398403,0.808884679156247
id08309,0.3103551197650174,0.6816389411772255,0.008005939057757086
id00320,0.9969781770247362,0.0014878952999885548,0.0015339276752751056
id07688,0.31741236175855353,0.3865533032051697,0.2960343350362769
id01556,0.010227675858394169,0.001287049353156734,0.9884852747884492
id00178,0.43176583369084287,0.0899142773954006,0.4783198889137566
id18902,0.006992166623718594,0.004589422250987656,0.9884184111252938
id27002,0.39160191450046256,0.5934887053961923,0.01490938010334528
id21418,0.9632075964907817,0.035230030753596986,0.0015623727556215617
id23018,0.017671181945653907,0.01768819699659542,0.9646406210577506
id07032,0.8627946986175757,0.029609559592725165,0.10759574178969909
id16195,0.7230680342229663,0.005904018663086716,0.271027947113947
id11202,0.010670159208644992,0.987279263957572,0.0020505768337830675
id09578,0.9799370738401256,0.008092433985276294,0.011970492174598122
id26984,0.9870548478737455,0.002138998697053308,0.010806153429201184
id19856,0.0007773170262025406,0.9989333568141414,0.0002893261596560014
id12086,0.6544141572325299,0.02939855262774319,0.3161872901397268
id12052,0.028698111221891042,0.046745914507013625,0.9245559742710953
id17728,0.004701840904112818,0.001267729728373535,0.9940304293675136
id24608,0.4596224319819338,0.1700120314906802,0.3703655365273859
id21097,0.15920494030547472,0.03502147593586374,0.8057735837586615
id20179,0.0008741242186995559,0.0006311052568692306,0.9984947705244311
id15144,0.8814841825825924,0.07953895145177271,0.038976865965634995
id00206,0.9923697015030147,0.005532664247291288,0.0020976342496938495
id22285,0.010061449264293972,0.008899063558861177,0.9810394871768449
id06417,0.7737682790015079,0.19086420636769516,0.035367514630796876
id00215,0.01468339087394567,0.9845472144314914,0.0007693946945628255
id04201,0.015782777426724078,0.015303003662064019,0.9689142189112119
id21771,0.980745214131586,0.014456472878053102,0.004798312990361021
id12451,0.017398683006006967,0.5844245152081075,0.3981768017858855
id14250,0.010490840050200258,0.9720514811986505,0.017457678751149206
id03433,0.012071230364677953,0.9845308976765226,0.0033978719587996133
id03303,0.00924367701781724,0.004616185070169488,0.9861401379120133
id25901,0.05522562646817169,0.6221637256277056,0.3226106479041227
id06945,0.6339271481363954,0.0014017233420265227,0.36467112852157807
id05664,0.8260614525394492,0.0681117887601929,0.105826758700358
id05741,0.9889020633046579,0.001288212412041574,0.009809724283300427
id10652,0.9290988938732778,0.03056421851066367,0.04033688761605863
id16300,0.9620891435681614,0.01190560884381362,0.026005247588024853
id12319,0.2500554797858454,0.39770672723188794,0.35223779298226654
id07500,0.006118105844197106,0.9919307290052235,0.0019511651505793287
id12478,0.25947711153302117,0.1401273605783122,0.6003955278886667
id03076,0.07710906233277859,0.0040306397468982185,0.9188602979203232
id00969,0.05682200398235151,0.8900228718056936,0.05315512421195499
id23636,0.023639060018211817,0.9469305347995587,0.029430405182229537
id09791,0.11866514871162794,0.8144847815228714,0.0668500697655006
id05680,0.04814261757766073,0.8748960365053601,0.07696134591697934
id03672,0.004461236734498701,0.9920387009864657,0.003500062279035435
id04286,0.007488065454346098,0.930994386997183,0.061517547548470976
id23883,0.0020796197746852886,0.0008142133719830188,0.9971061668533318
id11914,0.15807768337019062,0.017089158729691988,0.8248331579001174
id20974,0.0012101555784493757,0.9985938857534066,0.00019595866814413367
id26125,0.19111009314413324,0.04852799957274675,0.76036190728312
id15543,0.018623211541709005,0.0023002811696056238,0.9790765072886853
id19471,0.989934533571965,0.008668936125957438,0.001396530302077556
id11503,0.5874403604887904,0.36650363734921054,0.046056002161999045
id09321,0.006108156295079451,0.9628891973335929,0.03100264637132753
id25560,0.00019507002855489514,0.00020139222216951634,0.9996035377492757
id06726,0.03881618357999019,0.2441865543406574,0.7169972620793524
id05709,0.9861015258401186,0.001286709508466332,0.012611764651415237
id09788,0.14520251871642806,0.14148700012846996,0.7133104811551019
id05289,0.9800328032012889,0.017795163809050527,0.002172032989660584
id11815,0.019696873053665194,0.9724890860357291,0.007814040910605693
id22422,0.574754475438746,0.3225835886798423,0.10266193588141162
id25954,0.8993622501184748,0.016434199968184477,0.08420354991334064
id13601,0.5504252404753052,0.12154929469858484,0.32802546482611
id05677,0.9961452612913364,0.00034044029141271445,0.003514298417250854
id10498,0.008750700591639632,0.99078713637694,0.00046216303142036466
id02665,0.3046878327808802,0.6910071877412827,0.00430497947783707
id10114,0.012677847092582867,0.979708350295118,0.007613802612299012
id26314,0.879291096858664,0.11823190873740709,0.0024769944039289655
id21240,0.8400920100772535,0.014204158036456322,0.14570383188629013
id15569,0.9996008067439631,0.00030364953228598733,9.554372375104032e-05
id25928,0.07309120783856658,0.08964002178972312,0.8372687703717102
id22706,0.06718386309269997,0.9195419353939016,0.013274201513398493
id20877,0.0014524221688928145,0.9946784386476382,0.003869139183468957
id04318,0.9817527160173278,0.00530408733494176,0.012943196647730441
id18299,0.06824279693348365,0.665851640357746,0.2659055627087704
id08126,0.0024612518607915012,0.0009033877189442812,0.9966353604202643
id14293,0.02812766709577881,0.0041759185446844085,0.9676964143595367
id12759,0.9965025445414066,0.0003988299739729889,0.0030986254846206073
id11983,0.09429760914438606,0.43798948500089213,0.46771290585472186
id05580,0.07710850475992141,0.6364793382695101,0.28641215697056843
id25846,0.10132259842137006,0.8624223767030645,0.03625502487556534
id01939,0.811722163118154,0.0512960397302673,0.13698179715157863
id26327,0.02435875459726383,0.9184321706739064,0.05720907472882972
id11068,0.017246314647572623,0.0005872304185186856,0.9821664549339088
id08404,0.9982896197436129,0.0011075791032948094,0.0006028011530924055
id27189,0.16072727036447668,0.8296876193598202,0.009585110275703137
id15119,0.00493747674354792,0.9938645715753398,0.0011979516811121969
id26525,0.966717970997185,0.009731938667714102,0.023550090335100658
id03618,0.9220353064299875,0.058283381477573115,0.01968131209243931
id27220,0.9743624174231292,0.009798264439644745,0.01583931813722597
id18777,0.11125559545982787,0.002605747905237554,0.8861386566349346
id20213,0.9079327260596127,0.008889702476631836,0.08317757146375539
id20403,0.9212882947423002,0.009386203002396317,0.06932550225530346
id03777,0.05816014416701255,0.7347731498637425,0.20706670596924492
id10595,0.071598188732479,0.9095417541478216,0.018860057119699458
id13816,0.2160885367365959,0.009865294790667938,0.7740461684727361
id05667,0.02212316546919754,0.0005137073801758568,0.9773631271506266
id24629,0.9626793089513488,0.007641619641035729,0.02967907140761544
id20398,0.23714436378836673,0.14233622437472587,0.6205194118369074
id14108,0.004882104521079734,0.00028458033538654237,0.9948333151435337
id06196,0.0033908877380172827,0.9963543244566591,0.00025478780532360584
id02800,0.9169410059492852,0.025073118474103696,0.057985875576611154
id18732,0.003382490969841695,0.9938569362416673,0.002760572788490826
id11915,0.017548418085099885,0.9813571170692124,0.001094464845687631
id09739,0.4972427998551932,0.31125039464948445,0.19150680549532229
id24672,0.9982682744075838,0.000566502905971193,0.0011652226864450892
id00414,0.001182113612297418,0.001143029468462076,0.9976748569192404
id16307,0.8832113251892058,0.09674704199520719,0.020041632815587206
id14043,0.28977454978741124,0.0022905800470233487,0.7079348701655654
id00517,0.00032424162539505867,0.00011265272323623963,0.9995631056513687
id09744,0.9732275763505887,0.026226468420905407,0.0005459552285060826
id19257,0.9747290740797719,0.007144086799665994,0.018126839120562184
id15437,0.32890121191539085,0.6661769386374423,0.004921849447166671
id16352,0.01840909577365287,0.07549405045264233,0.9060968537737047
id18849,0.13369140543993813,0.004841076759369004,0.8614675178006929
id19434,0.0008928558640078191,0.9989494461963488,0.0001576979396433999
id17928,0.0752189200434215,0.020686813315801467,0.904094266640777
id16896,0.05485933626975094,0.009749604762518132,0.9353910589677309
id02135,0.031113036422550668,0.30609218872181865,0.6627947748556308
id15075,0.9973684751310232,0.0015709228917842313,0.001060601977192587
id27486,0.001153959281325679,0.9987562104482509,8.983027042348802e-05
id19422,0.9872386273047917,0.010146724661525074,0.002614648033683163
id09603,0.09929342870852131,0.8949307426607772,0.005775828630701521
id02133,0.03504224676472231,0.9473542558642648,0.017603497371012702
id03441,0.7829662909415129,0.0034725829402696287,0.21356112611821745
id02398,0.0027349583635334854,0.9968109775365922,0.00045406409987430263
id05152,0.008800625118008765,0.0015168910441025001,0.9896824838378887
id17838,0.366839496728086,0.1905122223128484,0.4426482809590656
id25060,0.7988844828232564,0.19808705191162732,0.0030284652651164424
id09998,0.0162765478312793,0.03631927830011711,0.9474041738686036
id01828,0.01697782278142878,0.9271960427029707,0.055826134515600485
id25377,0.4864082233647223,0.028062453394667924,0.4855293232406097
id22175,0.010474342318108966,0.9880090346329395,0.0015166230489515064
id02974,0.03409345635865866,0.00947527457917976,0.9564312690621616
id26955,0.9984934126712435,0.0013618621881231485,0.00014472514063344741
id21091,0.9121225841431536,0.0820001201763487,0.005877295680497643
id12802,0.6476890301293552,0.3084438629445555,0.04386710692608935
id07432,0.0006195305387629409,0.9988558395534153,0.0005246299078216498
id18749,0.028981870724333957,0.9354320111007491,0.03558611817491696
id15030,0.002127971006626038,0.0026181523680302906,0.9952538766253436
id17155,0.008568114028514527,0.9904838692933466,0.00094801667813873
id08128,0.001228116007067565,0.9979115553542824,0.0008603286386498786
id25706,0.003941215121848188,0.9651257914701793,0.030932993407972526
id15645,0.9703462152055875,0.024646128466046816,0.0050076563283657114
id04943,0.7771561200818963,0.1777989102107299,0.04504496970737387
id27566,0.004829509639736104,0.0008107673787318433,0.994359722981532
id11765,0.3955413402855905,0.08707566785292446,0.517382991861485
id13783,0.8219295895048716,0.11438483945108247,0.0636855710440459
id00492,0.02924786667298464,0.04209233436544339,0.928659798961572
id27636,0.2848108416330342,0.15354505965594717,0.5616440987110186
id04273,0.8074621596590991,0.022103882351170785,0.17043395798973016
id02537,0.05772784254767874,0.1424739846100034,0.799798172842318
id24349,0.7384136580550273,0.2553448573869867,0.0062414845579859685
id00023,0.0018640590549238176,0.9919937073615459,0.006142233583530171
id23025,0.0032861879228030673,0.9954600114977795,0.0012538005794172718
id08722,0.944461921524575,0.04014017425863526,0.015397904216789738
id02420,0.9973949813869735,0.002455954348824006,0.00014906426420241106
id10811,0.9417975905722596,0.01901383895125583,0.03918857047648457
id04019,0.007829740654645081,0.05266468524937638,0.9395055740959786
id18334,0.907597805845744,0.0846135589866467,0.007788635167609347
id16781,0.8569812262633374,0.13615783848058619,0.0068609352560763896
id08773,0.8590950022840989,0.1026649519083029,0.03824004580759818
id19214,0.5726285205209188,0.2720995991093735,0.15527188036970763
id09589,0.0034971374097967,0.9958444375229976,0.0006584250672056555
id24246,0.9427675531868827,0.05208749143011636,0.0051449553830010914
id23577,0.0786831981228206,0.9181128593527536,0.0032039425244258946
id09305,0.8496595978584979,0.048185613992565476,0.10215478814893651
id16460,0.3014730602780374,0.17998454918778536,0.5185423905341773
id21115,0.6380236064287971,0.27879499543082775,0.08318139814037506
id25996,0.3425402150179901,0.20844800970500454,0.4490117752770055
id02551,0.002938691781037257,0.007236285864151042,0.9898250223548117
id19352,0.003598367674214709,0.00036199251555009307,0.9960396398102351
id03806,0.08635594793519909,0.002802763025248424,0.9108412890395525
id26544,0.779210352079521,0.0005995409769621934,0.22019010694351668
id18761,0.9768577874664347,0.005376437330512858,0.017765775203052538
id24148,0.02119564630231658,0.9639248627278195,0.014879490969863879
id16095,0.5088529226761024,0.46151207376543707,0.029635003558460514
id18442,0.6148332210141343,0.22828719569329248,0.15687958329257323
id22596,0.00021791208606833913,6.234268779724099e-05,0.9997197452261343
id23002,0.03935225173212096,0.007483729307275829,0.9531640189606033
id04797,0.9992032169021839,0.0006030859748565059,0.00019369712295939714
id06610,0.04951239346210831,0.0028324744499034953,0.9476551320879882
id16173,0.08508542413341168,0.892176788449581,0.02273778741700731
id18292,0.2984727847759374,0.33136970953746525,0.37015750568659733
id27328,0.9807529996138392,0.0010468860569986728,0.018200114329162183
id01695,0.0010453906437274665,0.998471160840482,0.0004834485157906368
id05761,0.5202302502799927,0.005663060080833823,0.4741066896391735
id16354,0.9970895546621544,0.00264216717281672,0.00026827816502880317
id12207,0.062028412478535855,0.6958028533505751,0.24216873417088916
id05665,0.33256617581099746,0.015446124020682645,0.6519877001683199
id01911,0.8570867662308023,0.13472654492553082,0.008186688843667075
id19153,0.4159685875558742,0.0012780617693102514,0.5827533506748155
id10295,0.070959978723555,0.013004324046766448,0.9160356972296786
id23038,0.5520895605441017,0.4142279615379008,0.033682477917997514
id23783,0.012921156241499025,0.9854934224463191,0.0015854213121818928
id27879,0.9517692892258918,0.045728544344772165,0.0025021664293361267
id19190,0.010122861577632598,0.9897509658983662,0.0001261725240011619
id05065,0.702800873618292,0.07329632841603814,0.2239027979656699
id21296,0.0036634021450246035,0.9957074707210135,0.0006291271339620224
id13262,0.2695770094357486,0.07567150046127925,0.6547514901029722
id10333,0.9550078109035092,0.007467710426213625,0.037524478670277236
id16677,0.13683697653817828,0.7154087183623925,0.1477543050994293
id01392,0.20765486994695193,0.5462382257250684,0.2461069043279796
id27874,0.9922772803442638,0.0030244311918900613,0.00469828846384628
id02294,0.011073432328137844,0.9098545752587203,0.07907199241314193
id18298,0.007560950858268809,0.016239325991075988,0.9761997231506552
id06997,0.9974628500013547,0.0018430277234514694,0.0006941222751937095
id05243,0.5788480872268768,0.3273311664876774,0.09382074628544589
id00860,0.002487610402477636,0.9923389937060194,0.005173395891503023
id26681,0.9863350146421515,0.01227604735499982,0.0013889380028487737
id06020,0.11500362399687865,0.0009891866688086916,0.8840071893343127
id27683,0.8777478931932816,0.037920708197311206,0.08433139860940718
id17655,0.0007243572563944449,0.9990350816420531,0.00024056110155222974
id08817,0.04557738363493735,0.08556660923922704,0.8688560071258355
id11512,0.006722119740766085,0.030851268436284756,0.9624266118229492
id00478,0.3639127618770849,0.043308582858690374,0.5927786552642247
id02116,0.9133480124607778,0.034776224342069534,0.05187576319715257
id06746,0.8967173530788223,0.10002676136495989,0.003255885556217737
id03863,0.7180270452212733,0.2785722828096251,0.0034006719691015977
id01802,0.40048161097219004,0.22897416855626065,0.37054422047154933
id11682,0.7820336285449067,0.10488937905265563,0.11307699240243767
id04033,0.0004214128349901775,0.9992687525309024,0.00030983463410730073
id09286,0.02565589932503519,0.912320982904185,0.062023117770779866
id12904,0.987488157767138,0.009628233512830035,0.002883608720031922
id07420,0.0017932236061499172,0.002384168230351173,0.9958226081634989
id22398,0.0006351969009193437,0.9991514534259669,0.00021334967311370005
id00424,0.00562165603939353,0.0009754453488781342,0.9934028986117284
id20960,0.9441768067598072,0.029439860518380188,0.026383332721812636
id10267,0.5132797521242727,0.48045817950632375,0.006262068369403596
id19330,0.6427770380123934,0.009815985224359372,0.34740697676324733
id00994,0.0018759738868704833,0.9971145092024197,0.0010095169107096553
id10785,0.26454154209693626,0.37447939870384417,0.36097905919921963
id00955,0.033224692363380375,0.9624846833437671,0.0042906242928526
id09757,0.0004886046801857311,0.9993871682461577,0.00012422707365654283
id10030,0.08621767965954188,0.015682299730154912,0.8981000206103033
id22952,0.00970377799107385,0.04734233048026951,0.9429538915286567
id21955,0.00239537803049655,0.006530242529839029,0.9910743794396645
id07674,0.6205664661807502,0.24240434012807874,0.13702919369117106
id13760,0.017424378767215698,0.9720865021595232,0.010489119073261081
id18166,0.9597384855916569,0.0032451354942534334,0.037016378914089744
id23498,0.7133503517304064,0.2687493534669793,0.01790029480261434
id05296,0.9937051987542711,0.0041445656417544085,0.0021502356039745313
id26709,0.9965849277279896,0.0019577735471195405,0.0014572987248909508
id02853,0.9974992640280732,0.0017056849584561186,0.0007950510134706089
id06800,0.780114299052112,0.12737419510815906,0.09251150583972903
id14758,0.2861591000170443,0.7114292133149052,0.0024116866680506457
id12356,0.983102005711106,0.015789732478445048,0.0011082618104490702
id21492,0.9349262292003658,0.010495134212099029,0.05457863658753526
id27540,0.06964272331325853,0.023684907511073588,0.9066723691756678
id07376,0.01499583420885075,0.879606600549066,0.1053975652420832
id15201,0.2220773239623291,0.5721475194548954,0.2057751565827755
id23388,0.02974291353769356,0.966635680344334,0.0036214061179723803
id13923,0.0020496573702938462,0.9978107818874639,0.00013956074224220476
id00794,0.000524987423543691,0.9973248015732031,0.002150211003253013
id23910,0.10300886951630522,0.021532604592856375,0.8754585258908385
id02556,0.04698242782527173,0.21841301284621795,0.7346045593285102
id22151,0.0006828782013473426,0.999105786366909,0.00021133543174358627
id11698,0.5519896477203621,0.4099518815565899,0.038058470723048146
id11627,0.14528433177663425,0.026234431098605408,0.8284812371247604
id06340,0.9908972937749743,0.0020050939879540015,0.007097612237071629
id05123,0.9297106986193672,0.0019538707765168403,0.06833543060411602
id26620,0.004163502511236364,0.0010063283526189162,0.9948301691361446
id04002,0.02514354173235143,0.20870152057736308,0.7661549376902854
id26554,0.0902592788354059,0.8268653826015938,0.0828753385630003
id18012,0.31492615587698375,0.02722382315643101,0.6578500209665852
id12964,0.4836913758869194,0.025523071778701962,0.49078555233437865
id18965,0.00665102407449418,0.871658762522851,0.12169021340265487
id19082,0.16626005511304737,0.006707878996056621,0.8270320658908961
id26742,0.11614461912593295,0.0010949420544028017,0.8827604388196642
id15442,0.00498037319408265,0.994768213809231,0.0002514129966864651
id16647,0.7635845157933757,0.11833152270771807,0.11808396149890614
id11544,0.32417239868627556,0.01722445177977862,0.6586031495339457
id20581,0.5085381764026264,0.13082684658320523,0.3606349770141683
id13192,0.09610294159573553,0.8071468072811291,0.0967502511231355
id15814,0.05416918591969818,0.9276709939775595,0.0181598201027423
id26279,0.005256489335448951,0.9942508880930089,0.0004926225715421711
id00240,0.9945550087261229,0.0038739245167623694,0.0015710667571146035
id22836,0.9845687285419966,0.0005031160646136256,0.014928155393389835
id15085,0.004508404361637095,0.9838232242023357,0.01166837143602742
id17495,0.4766693655477791,0.013619555457462226,0.5097110789947586
id26762,0.8855824606487065,0.01973001555417351,0.09468752379711991
id13685,0.9939773541829144,7.167961099300712e-06,0.006015477855986272
id16560,0.003371919997084703,0.9958841101263904,0.000743969876524906
id17184,0.0017792407851952492,0.9974339622195204,0.0007867969952843514
id21635,0.9988096437849714,0.0002242432351418995,0.0009661129798865993
id26751,0.2585351660236094,0.6471990457546203,0.09426578822177037
id12351,0.6872237725050091,0.005424079655766095,0.3073521478392247
id14872,0.32056444230666925,0.6576235449102106,0.0218120127831202
id18372,0.9784041939039576,0.002555107615564054,0.01904069848047841
id26851,0.932223030122525,0.017720853916177347,0.05005611596129775
id22659,0.9688929906325812,0.030759604429986844,0.0003474049374319106
id04102,0.003337564953911295,0.0007752259864949663,0.9958872090595938
id02353,0.020896125818056083,0.9098180017637839,0.06928587241815992
id26721,0.9979046506268305,0.0008791649491832909,0.0012161844239862234
id11171,0.9170875225255047,0.00804541119306609,0.07486706628142922
id13562,0.649338676025003,0.3286790841017565,0.021982239873240706
id26425,0.7749207178645497,0.06017545642270268,0.16490382571274753
id26394,0.4621501063053455,0.08482407060300202,0.4530258230916525
id22187,0.821831793273414,0.1645206807237919,0.013647526002794093
id00422,0.9955798609159738,0.00419860365622775,0.00022153542779850983
id22667,0.0009944301834495554,0.9985522868375741,0.00045328297897640976
id00911,0.9833412678774711,0.0056985191906531,0.010960212931875917
id17291,0.1530159147417419,0.532399237251431,0.31458484800682707
id01915,0.06971302653533591,0.6660806226247948,0.2642063508398692
id01434,0.1810372334295112,0.03562856388780133,0.7833342026826875
id01584,0.9774547745909182,0.003843242455517592,0.018701982953564268
id09266,0.9919202660321362,0.004714422050987617,0.0033653119168760757
id17494,0.0006087994873402177,0.9991137961842771,0.0002774043283827431
id24919,0.10085309182575322,0.15078338147255285,0.7483635267016939
id21043,0.06282331281273884,0.000625426732571003,0.9365512604546901
id17796,0.07686612070374287,0.9220360783065656,0.0010978009896915064
id02166,0.1311337892250504,0.011761238638565277,0.8571049721363844
id17503,0.9019023770645431,0.07248830109166773,0.02560932184378924
id21203,0.8946584530698165,0.07050350001332385,0.03483804691685965
id25626,0.9996094252132905,0.0002938861249902409,9.668866171931746e-05
id09836,0.9892371401661609,0.005677751347376438,0.005085108486462601
id24202,0.03248449481365912,0.07843540732340874,0.8890800978629321
id27260,0.30754837280541303,0.6079036538383304,0.08454797335625658
id23167,0.0015863544182594534,0.000496991332992904,0.9979166542487475
id10393,0.010770376904908497,0.9882308132944193,0.0009988098006720367
id01171,0.878921616467007,0.11671764341456947,0.0043607401184236495
id06380,0.9670426322409547,0.02030205980635993,0.012655307952685475
id22686,0.01273226023388737,0.0005290597951505263,0.9867386799709621
id26250,0.025444658181443446,0.0044086747478513134,0.9701466670707053
id09315,0.12011472303469994,0.3864539835457478,0.49343129341955233
id00886,0.01152499624453152,0.9059396289332498,0.0825353748222189
id03101,0.8995532339534951,0.020061985899082577,0.08038478014742224
id12367,0.8392970915588118,0.0044313847782798356,0.1562715236629083
id10770,0.9441028419034689,0.019085733990191207,0.036811424106340015
id14949,0.004455621176526716,0.9943573711113901,0.0011870077120831443
id14141,0.14488262377118488,0.8104263712396839,0.044691004989131373
id25417,0.029888099372099696,0.9637008177115354,0.006411082916364995
id26873,0.7163033123923281,0.2824005210197956,0.001296166587876331
id10818,0.08841115289930716,0.06156243815637888,0.8500264089443139
id15146,0.5783140211108472,0.021000347344507373,0.40068563154464537
id23328,0.7805237085572222,0.16031652206863858,0.05915976937413925
id16765,0.0054138473217426614,0.9939252696258496,0.000660883052407653
id24383,0.9216070763094188,0.0004157925285487534,0.0779771311620324
id21304,0.9974700575764277,0.0020574100755316885,0.0004725323480406293
id12551,0.0023416718064231553,0.9933019769373186,0.00435635125625819
id23274,0.003050921366078704,0.01649662909858532,0.980452449535336
id08117,0.9613854981938564,0.0028583797128315844,0.035756122093312026
id23961,0.9976466897926313,0.0009830595332140331,0.001370250674154789
id13865,0.0023580633351111043,0.9963028942161075,0.0013390424487814965
id22807,0.31051287608066147,0.01217426204704193,0.6773128618722967
id08951,0.17994678775283626,0.02098734224615284,0.7990658700010109
id18684,0.9869326912369155,0.011679924109840617,0.0013873846532438383
id25179,0.028209463876789576,0.9262324952071453,0.04555804091606508
id27033,0.8502299678458175,0.038026108107046805,0.11174392404713578
id13977,0.014832291222168649,0.9569953887489575,0.028172320028873744
id19337,0.002859570345632924,0.9891193301631862,0.00802109949118095
