id,EAP,HPL,MWS
id02310,0.01960696920348208,0.0018985335404121016,0.9784944972561059
id24541,0.9340653555568801,0.056301729415654554,0.009632915027465268
id00134,0.1493056315944568,0.8420873475291968,0.008607020876346523
id27757,0.9275005288786624,0.06379772264537711,0.008701748475960475
id04081,0.8370808512191501,0.12299704164254538,0.03992210713830439
id27337,0.949252210605542,0.048876055912328714,0.0018717334821293508
id24265,0.8432160706098172,0.1466385543051283,0.010145375085054628
id25917,0.29824507562275615,0.19913859801912284,0.5026163263581209
id04951,0.9998912372535135,5.789989662406914e-05,5.086284986235865e-05
id14549,0.9800502240433963,0.0014617288904797841,0.01848804706612396
id22505,0.014439551209789242,0.0167240648090233,0.9688363839811874
id24002,0.002353440251463803,0.9967299358551267,0.0009166238934094567
id18982,0.25572963825356687,0.6698135210528549,0.0744568406935784
id15181,0.01270469464737082,0.9859982986420669,0.0012970067105621214
id21888,0.8503899489421375,0.014201065937873902,0.13540898511998864
id12035,0.005266304403309843,0.0008137851536022,0.993919910443088
id17991,0.45123293421035277,0.0027294614777959615,0.5460376043118512
id10707,0.9998695371356505,9.646758664791529e-05,3.3995277701474394e-05
id07101,0.11440291029338105,0.005010786853575465,0.8805863028530434
id00345,0.4663435695086339,0.5047558677628481,0.028900562728517893
id05912,0.9846011293142597,0.005408536594658725,0.009990334091081651
id13443,0.9911331151370528,0.003204875541101387,0.005662009321845709
id09248,0.12678561105730712,0.041947129318808944,0.831267259623884
id17542,0.0902496379987999,0.8935744231690732,0.016175938832126837
id06995,0.0597931983113935,0.00025564359007077247,0.9399511580985357
id25159,0.4224936519446038,0.0036376989090898763,0.5738686491463063
id25729,0.8924068383131187,0.07749288082512248,0.030100280861758793
id26949,0.8555861780045696,0.08196798322047393,0.06244583877495643
id27191,0.6444862008442589,0.1394366467349107,0.21607715242083037
id07668,0.6351331070942854,0.0036608025804600016,0.3612060903252547
id02230,0.09615741054569762,0.09402142680306277,0.8098211626512396
id15553,0.9955235528443491,0.00013317554965502183,0.004343271605995768
id25688,0.009952183830301565,0.9843841592220135,0.005663656947684892
id17545,0.9766803243568678,0.01826854911533307,0.005051126527799179
id13929,0.056228993303618455,0.024876694600519632,0.9188943120958619
id12880,0.49739693256958717,0.24863649326428627,0.2539665741661265
id19282,0.8278659151673267,0.029896898077278498,0.1422371867553948
id14690,0.011015493208981146,0.0017411679364989674,0.9872433388545199
id17975,0.039481378110611476,0.9395383099372847,0.0209803119521038
id08037,0.9536939153010893,0.010342650359932006,0.03596343433897875
id15412,0.07089828881009123,0.004239598309003623,0.9248621128809051
id25032,0.9053215502994263,0.04707409106963546,0.04760435863093837
id27165,0.9976724807202806,0.0005972151134224547,0.0017303041662969354
id03327,0.775524436763244,0.1885786835735973,0.03589687966315876
id18515,0.9153793872550915,0.001490736573090423,0.08312987617181813
id21003,0.5321172582307273,0.17850692952032382,0.289375812248949
id23855,0.011422867124560906,0.965132336654247,0.023444796221192127
id20724,0.6208282226145748,0.044228684025214786,0.3349430933602104
id13303,0.8688583038001326,0.0036675590613936154,0.12747413713847372
id16521,0.02518701128853702,0.037717222379230565,0.9370957663322323
id20775,0.9739831444206785,0.0218610359678089,0.0041558196115127405
id13029,0.9768884067454623,0.013120435448819195,0.009991157805718479
id14660,0.942770391738341,0.05106178307969566,0.0061678251819632934
id11028,0.002791777493231097,5.0153481361638055e-05,0.9971580690254073
id14180,0.987175767354205,0.00825681046581846,0.0045674221799766775
id25860,0.9995492703591605,0.00024576005204505477,0.00020496958879442968
id11910,0.7582575098332821,0.036263309432318806,0.2054791807343992
id08065,0.3292446124312779,0.008880108223985004,0.6618752793447371
id22674,0.003282432969581073,0.000730716920519646,0.9959868501098994
id25018,0.11798132545684127,0.0028330119344646375,0.8791856626086941
id10892,0.21071639496612932,0.7380905920752194,0.05119301295865136
id10217,0.012509854765426603,0.9867939336297734,0.0006962116047999941
id12996,0.4792590437643406,0.04747316681267048,0.4732677894229888
id18262,0.6255696099518734,0.34215443375534804,0.03227595629277856
id08606,0.009061047050857033,0.9891015655810661,0.0018373873680767713
id17233,0.9622820013662734,0.002324643662913874,0.03539335497081279
id00101,0.9950392967870054,0.0031755705352959985,0.0017851326776986108
id12225,0.9530080888431522,0.021389823119605102,0.0256020880372426
id01364,0.6049216384825646,0.3839580490600569,0.011120312457378365
id24973,0.9012668862235127,0.00557634752943301,0.09315676624705435
id25363,0.7551398120686126,6.865164035429654e-05,0.2447915362910331
id10061,0.49943165184404875,0.03592834026271088,0.4646400078932403
id17673,0.1895586193259343,0.701479257807105,0.10896212286696064
id13249,0.5881711526137452,0.13376244939728132,0.27806639798897337
id10107,0.015122099595801698,0.0007589930159441261,0.984118907388254
id04403,0.9700649735263955,0.0007053956235680747,0.029229630850036298
id25728,0.9870403291711526,0.0007392897974072549,0.012220381031440325
id16184,0.39090180161493604,0.2401939031885602,0.3689042951965038
id03438,0.019440571940970316,0.00027533951932900557,0.9802840885397007
id22923,0.01779059684248224,0.9789701522405305,0.0032392509169873723
id08610,0.9956945348389801,0.0007620749472977877,0.0035433902137221676
id25355,0.13488853121521321,0.035433055563158865,0.8296784132216279
id16916,0.5922064840872118,0.3923544587457441,0.015439057167044221
id12793,0.09635076005793776,0.8881039520150613,0.015545287927000795
id11859,0.6481490179268361,0.0008474159110078088,0.35100356616215617
id02434,0.9995562200393041,0.00017476545197551527,0.000269014508720306
id27703,0.006432418121438358,0.0009283867150235182,0.9926391951635383
id25212,0.006690619108273967,0.9908030638582911,0.002506317033435078
id11308,0.04040232577802016,0.03258450742925884,0.9270131667927209
id26094,0.9380622060934094,0.04041549756656205,0.021522296340028498
id22080,0.951456883456119,0.04426788496853278,0.004275231575348338
id03545,0.8529392971019687,0.14269546358317928,0.00436523931485222
id23725,0.024446121061729765,0.1274839409708213,0.8480699379674489
id12009,0.9597418357151513,0.03491733897034024,0.00534082531450867
id24241,0.33986042563047536,0.21510184368812624,0.4450377306813984
id03596,0.02023989359942114,0.977886629649139,0.0018734767514397054
id10749,0.21766029734911083,0.6974358088826265,0.08490389376826267
id22794,0.0054337501570905075,0.0067861269184893045,0.9877801229244201
id15482,0.12581127594375308,0.6794449413897418,0.19474378266650527
id04833,0.9088041264030067,0.0317780787206011,0.05941779487639207
id00397,0.06350754647128037,0.00026341421875852346,0.936229039309961
id14691,0.021535318177447887,0.0006955264931189616,0.9777691553294332
id05193,0.11134177797828057,0.0023982793171525405,0.886259942704567
id19541,0.9280698284920353,0.0008468382967857571,0.07108333321117892
id22166,0.005554566223142807,0.00027895426768251085,0.9941664795091747
id20744,0.0036379813787719797,0.00017475917255863727,0.9961872594486694
id10392,0.0013889332384538157,0.0004604378488700703,0.998150628912676
id00770,0.917623976365364,0.021127067696966245,0.061248955937669734
id06018,0.025704149296644878,0.9574970391553228,0.01679881154803226
id15678,0.5556012839770219,0.0004501811443585146,0.4439485348786196
id08305,0.7713944352943547,0.21562081563198818,0.012984749073657015
id08903,0.205943917260471,0.005187965952512775,0.7888681167870162
id14752,0.4918233032438886,0.4880551995025809,0.02012149725353055
id12468,0.6030515011559946,0.38930854875065973,0.007639950093345705
id05085,0.6911605511583128,0.2975763823678601,0.011263066473827167
id21993,0.4029491842600624,0.0011532775160390562,0.5958975382238986
id15503,0.8706204615294506,0.12507552836538982,0.004304010105159543
id03021,0.0011146771859791022,0.9971065038236273,0.0017788189903936453
id16123,0.9954700032332652,0.00266439062838414,0.0018656061383507288
id19383,0.9962607104741323,0.0024109834659800508,0.0013283060598875823
id04186,0.9991068866758881,0.00010222814119654736,0.0007908851829154247
id17954,0.0034081227514990466,0.0004951564176902434,0.9960967208308108
id12030,0.46871941576881715,0.008744050710311884,0.522536533520871
id13020,0.24015068934569045,0.7508107521789112,0.009038558475398141
id25327,0.11205239028777209,0.7730597812308279,0.11488782848140007
id16344,0.058832268981308646,0.18412072433221574,0.7570470066864756
id12303,0.6924013697265063,0.2827226061227733,0.02487602415072039
id15017,0.8792446961604219,0.11583618450495688,0.004919119334621059
id22308,0.21292279980872425,0.006070004445919147,0.7810071957453567
id06536,0.006246352015439556,0.0013788587796464671,0.9923747892049138
id19797,0.22118016917089234,0.7499291634197623,0.028890667409345386
id06332,0.8505863940990441,0.021791147065233947,0.12762245883572176
id22941,0.07426633091091309,0.49823358682534313,0.4275000822637437
id13547,0.032543625558873655,0.0656632603927666,0.9017931140483597
id06928,0.01500239170016822,0.0002920356094186748,0.984705572690413
id12521,0.5017575162680622,0.46699629538428694,0.031246188347650874
id25716,0.7170853521535056,0.013125366351965918,0.2697892814945285
id27116,0.0004147817192527487,1.3709953082615413e-06,0.999583847285439
id19941,0.40323233898609173,0.5160385205166533,0.08072914049725492
id05711,0.0013557828271441716,5.2668278437729664e-05,0.998591548894418
id02097,0.011797850464192362,0.017848072162404586,0.9703540773734032
id03563,0.008910624614818233,0.9866000304929681,0.004489344892213672
id02295,0.051563127183539594,0.9399580648197333,0.008478807996727065
id08179,0.9995721582514472,2.6503914120159793e-05,0.000401337834432797
id05332,0.009680977377413743,0.9875314760921525,0.0027875465304338536
id15697,0.6749273785441805,0.11289779768498043,0.21217482377083904
id17026,0.34045368671470566,0.03246399034571856,0.6270823229395758
id04243,0.40830588054099104,0.5480576311102955,0.04363648834871355
id13175,0.9949872364453822,0.0019007696155444944,0.003111993939073412
id05387,0.8144985564365944,0.013414995505455404,0.17208644805795
id19989,0.9788610264251206,0.009035488250020759,0.012103485324858705
id25173,0.15264909766153423,0.10007630966186619,0.7472745926765997
id08925,0.07286101169926615,0.9247271620526216,0.0024118262481121655
id03034,0.020993184335305448,0.9645157215754655,0.014491094089228898
id13272,0.0042812616300139175,0.9928464034295795,0.0028723349404065875
id07956,0.9711216172979875,0.0032109955072128185,0.025667387194799718
id02648,0.002634707628345496,0.00018528741535821816,0.9971800049562963
id01778,0.03348603028391245,0.001001504280698103,0.9655124654353895
id12846,0.00903894180307227,0.00027179501581086257,0.9906892631811169
id19001,0.626533023348505,0.01255271311309888,0.3609142635383961
id05763,0.9818476667506165,0.0002511438058904516,0.01790118944349302
id15590,0.0018725820595905782,8.058567058220523e-05,0.9980468322698272
id04912,0.6410770811365003,0.3424521500243084,0.016470768839191324
id21201,0.7993551276655559,0.00766976388445135,0.19297510844999277
id13215,0.9990005174295746,4.84916251746134e-05,0.0009509909452508486
id15612,0.11230874595885527,0.8786422857884536,0.009048968252691034
id18501,0.20620704797056819,0.0013634161306726182,0.7924295358987592
id07223,0.7044735758618793,0.023460167890897072,0.27206625624722364
id06707,0.7241711963025448,0.06601612629710478,0.20981267740035056
id05238,0.0010711328809842545,0.998446784782506,0.0004820823365098725
id00935,0.0421470828971532,0.02773024416323363,0.9301226729396133
id00110,0.46233605023479946,0.02581482576242989,0.5118491240027707
id17476,0.9701661705123014,0.02332041681417658,0.006513412673522078
id15170,0.9828293061809372,0.008954509721728973,0.008216184097333629
id13397,0.1529138835542255,0.01609477727857436,0.8309913391672001
id24283,0.8286763582547104,0.1602700315758265,0.011053610169463015
id15234,0.9985526890922821,0.0012529167150593572,0.00019439419265855767
id16884,0.19405449373393044,0.286544642255382,0.5194008640106875
id07831,0.5605453538435049,0.39693885549026237,0.04251579066623271
id16038,0.9576792185751455,0.03988428074430814,0.0024365006805463054
id03629,0.9697769160846564,0.012967636401434671,0.017255447513908877
id21019,0.9750930477724723,0.008760737328132128,0.01614621489939553
id21835,0.9235994619481616,0.01604644254199567,0.06035409550984274
id04480,0.03713020716351333,0.9614015281076991,0.0014682647287876404
id20838,0.662117961906606,0.32577865640084264,0.012103381692551447
id24195,0.4949516720484532,0.352867149019727,0.15218117893181984
id05448,0.369180004680444,0.6209561726351491,0.009863822684406845
id15957,0.019107865158476556,0.9787008471029668,0.002191287738556637
id19956,0.0059932258070406865,4.8453671862159425e-05,0.9939583205210972
id15104,0.03149874014101338,0.010344085313307489,0.9581571745456791
id17559,0.701326729608246,0.27277318504347703,0.025900085348276917
id16839,0.1314461090579577,0.531036864859086,0.33751702608295636
id14493,0.20016148729241917,0.001653036268842719,0.7981854764387382
id08833,0.8965510343566216,0.0019855169935502045,0.10146344864982805
id15723,0.025242127570299287,0.0033229234922891046,0.9714349489374116
id02716,0.9944608707816815,0.0022761198085281655,0.003263009409790413
id06689,0.018022619609079006,0.979126652578801,0.002850727812119904
id18837,0.4105809608120262,0.040174071105982395,0.5492449680819914
id04466,0.9208657679847653,0.06815102693954235,0.010983205075692191
id00686,0.9624477240627434,0.0035155145207237206,0.03403676141653288
id09010,0.6698684120310151,0.3229618640017189,0.007169723967266067
id23353,0.9887580217378119,0.006426406885768701,0.004815571376419516
id00066,0.9551836444755666,0.0411285141924654,0.003687841331968147
id15724,0.33131889361963873,0.5473982747378777,0.12128283164248349
id23486,0.04383756304240544,0.00020012351607462088,0.9559623134415198
id22258,0.009208379148973286,0.0005453511654015663,0.990246269685625
id02292,0.5460070063237099,0.38689161519146265,0.06710137848482746
id16356,0.11930826362331004,0.014896684776445332,0.8657950516002446
id00235,0.9689985869943551,0.008161451977442348,0.022839961028202394
id25522,0.03758505111277474,0.006852798098375417,0.9555621507888499
id04204,0.011952527292795119,0.9839329831542147,0.004114489552990089
id22016,0.3226472090729214,0.0157242502566894,0.6616285406703892
id06480,0.03169298559191332,0.9602931641422265,0.008013850265860094
id08718,0.11202933122329883,0.00027335836979847696,0.8876973104069027
id05251,0.0067758066984176645,0.9908730396734577,0.002351153628124613
id03359,0.6609765584496271,0.030573963045046802,0.30844947850532606
id16117,0.10801785434949909,0.00018674527799551275,0.8917954003725053
id17000,0.022781902775097146,0.9710667598695799,0.006151337355322923
id01730,0.0754311576606446,0.9139751938016071,0.01059364853774823
id00630,0.420423368389183,0.5487606041416838,0.03081602746913307
id18175,0.06349815977337181,0.0008539188639774093,0.9356479213626508
id00907,0.7908980067337701,0.1483824953550281,0.060719497911201924
id18251,0.028729036946683013,0.968867268606418,0.0024036944468989775
id25861,0.47404625382924886,0.4006444640710841,0.12530928209966694
id00398,0.9061493964999986,0.0585626408787774,0.03528796262122396
id27573,0.9974688383774878,0.00016063553873526837,0.0023705260837770903
id10022,0.03287753784411744,0.9424000321461885,0.02472243000969407
id15901,0.08311253668113638,0.00017532944186679402,0.9167121338769968
id00451,0.05758943361944902,0.01752894589165525,0.9248816204888958
id23129,0.14605772028366118,0.8474840658909892,0.00645821382534959
id26498,0.7379061543801673,0.17006519967936318,0.0920286459404696
id14741,0.11168353183118011,0.8607826771187967,0.027533791050023106
id18453,0.03186458962804923,0.003619056434555282,0.9645163539373954
id08309,0.9325417055717695,0.053402835170224205,0.014055459258006319
id00320,0.9869301698395234,0.0011819018347200103,0.01188792832575638
id07688,0.19350822302543347,0.062118815189007824,0.7443729617855587
id01556,0.0036358865764714613,0.00011530660453798198,0.9962488068189905
id00178,0.3217229213710091,0.01570184514728923,0.6625752334817018
id18902,0.0030189280430357097,0.0011660221779700314,0.9958150497789943
id27002,0.7527145298940244,0.23537846081603853,0.011907009289937135
id21418,0.9991022294391056,8.422933067041268e-05,0.00081354123022394
id23018,0.8087435122677258,0.13499418131296545,0.05626230641930869
id07032,0.3504459791616036,0.0880191073970663,0.5615349134413302
id16195,0.9444395095156859,0.00234280401964728,0.05321768646466667
id11202,0.35942876318363576,0.6289854350580163,0.011585801758348047
id09578,0.6641498693409116,0.12905370560995125,0.206796425049137
id26984,0.7266953614569586,0.003385016969262382,0.2699196215737791
id19856,0.013749672549008274,0.9856046027503427,0.0006457247006490268
id12086,0.7398502557186124,0.0077739702983807175,0.2523757739830069
id12052,0.008581304730696696,0.0027311910008476427,0.9886875042684555
id17728,0.01136269954893356,0.0009027590284291897,0.9877345414226374
id24608,0.6463177582754703,0.10275278084122019,0.25092946088330953
id21097,0.4111581230218433,0.08453080898672893,0.5043110679914278
id20179,0.0004506740981407574,2.0975848484401617e-05,0.9995283500533749
id15144,0.803690779677408,0.11668223077595496,0.0796269895466369
id00206,0.9979676477067918,0.0009243873751815815,0.0011079649180266284
id22285,0.006353532694555591,0.0005980503672412053,0.9930484169382032
id06417,0.6641560232122211,0.3064415936701244,0.029402383117654494
id00215,0.010334202797202664,0.9884539973871295,0.001211799815667892
id04201,0.0149809140851066,0.00166173845087172,0.9833573474640216
id21771,0.8896393475751276,0.10481990504711844,0.005540747377754013
id12451,0.06794989906079214,0.07373359043590577,0.858316510503302
id14250,0.03479668376416704,0.8957044911216209,0.06949882511421218
id03433,0.18325201008477465,0.799542534791195,0.017205455124030256
id03303,0.041189866911078954,0.0006638236776753552,0.9581463094112456
id25901,0.6473406416962946,0.2959723551190825,0.056687003184623046
id06945,0.9726557438930951,0.0012480449372333827,0.026096211169671583
id05664,0.9457381276791483,0.04458770883303836,0.009674163487813216
id05741,0.9961544252964758,0.0014396974931706929,0.002405877210353489
id10652,0.9727784049250957,0.019342117739988895,0.007879477334915437
id16300,0.962349423962849,0.019099168485889557,0.0185514075512615
id12319,0.5619487044034092,0.17159992158701853,0.2664513740095723
id07500,0.008834502674493884,0.9897310848025558,0.0014344125229503203
id12478,0.18058416210751957,0.08159155415419707,0.7378242837382832
id03076,0.019987922048079663,0.00041501124124034374,0.97959706671068
id00969,0.008394270797329625,0.9882135040798663,0.0033922251228042676
id23636,0.06524923733852096,0.8546032929250752,0.08014746973640394
id09791,0.08238406929762751,0.5432459837454592,0.3743699469569132
id05680,0.06399701806057649,0.7801675251622316,0.15583545677719185
id03672,0.04509803310172677,0.9133433101918437,0.04155865670642953
id04286,0.009945918459954739,0.9648668980273412,0.025187183512704124
id23883,0.00601782781344438,0.006939897740483604,0.987042274446072
id11914,0.5889408755187325,0.005557316533372121,0.40550180794789525
id20974,0.06800249264671257,0.9266204014435412,0.005377105909746131
id26125,0.07977630747699715,0.003184016680157237,0.9170396758428455
id15543,0.06844365096897484,0.0011851069812683246,0.9303712420497567
id19471,0.9975889986384563,0.00013947164583735336,0.002271529715706235
id11503,0.9702380663001564,0.016738592670898392,0.013023341028945158
id09321,0.01868430194253026,0.9390651893289046,0.042250508728565284
id25560,0.0003885328722947843,4.899592280331502e-05,0.9995624712049019
id06726,0.12504449680429197,0.8014628904071922,0.07349261278851593
id05709,0.989375579458898,0.00036420998249213517,0.01026021055860974
id09788,0.12098022874215512,0.1082252883819217,0.7707944828759232
id05289,0.9980748101473234,0.0006229503656578146,0.0013022394870188959
id11815,0.013855588818872859,0.9825634367372653,0.003580974443861846
id22422,0.8828874276026211,0.07442103695804503,0.042691535439333954
id25954,0.9324799154893428,0.02500963458041591,0.04251044993024117
id13601,0.6163923712887239,0.017749296886645026,0.3658583318246311
id05677,0.9932948229217178,0.0009796190988779429,0.005725557979404468
id10498,0.04362038690115163,0.9544140475166893,0.001965565582159094
id02665,0.5986479527426714,0.31057744173328905,0.09077460552403965
id10114,0.015697425506574762,0.9797580681118525,0.0045445063815728595
id26314,0.9895708888319683,0.006481663940496239,0.003947447227535606
id21240,0.809768718676467,0.17103539949113783,0.019195881832395043
id15569,0.9495727433404584,0.012181731698539705,0.03824552496100197
id25928,0.029228900464310058,0.02871030832145341,0.9420607912142365
id22706,0.4783016153561519,0.5077842085372422,0.013914176106605973
id20877,0.003996109445758114,0.9874647748918981,0.008539115662343773
id04318,0.969418002868574,0.0045732792136161625,0.026008717917809874
id18299,0.22506510668926527,0.6486888684470192,0.12624602486371556
id08126,0.02106574585449614,0.000793123911439916,0.978141130234064
id14293,0.046956604489554056,0.0017825482655853063,0.9512608472448607
id12759,0.9940165645987158,0.0014782982643872125,0.0045051371368968595
id11983,0.862362682458901,0.00926919129734763,0.1283681262437513
id05580,0.4432120558758206,0.4823717188647261,0.07441622525945346
id25846,0.4355896585245589,0.4214771260796422,0.14293321539579878
id01939,0.7537571638752741,0.010427105521289916,0.23581573060343589
id26327,0.09922324865654494,0.34178341308368887,0.5589933382597662
id11068,0.003356368738926661,1.769352741107915e-05,0.9966259377336624
id08404,0.981893847078236,0.0012793422395258097,0.01682681068223833
id27189,0.07547018548563683,0.9201550205194947,0.0043747939948684395
id15119,0.02151758275752038,0.9675611646971733,0.010921252545306267
id26525,0.9223778999747637,0.0029564059852501584,0.07466569403998603
id03618,0.7698576116419902,0.21012686821637575,0.02001552014163397
id27220,0.9886876743885425,0.0022654597116124556,0.009046865899844927
id18777,0.02719344781838815,0.00046711342743043546,0.9723394387541813
id20213,0.8991345840141917,0.07938022766631563,0.021485188319492567
id20403,0.5896756537814826,0.020927126926109915,0.38939721929240756
id03777,0.12195463875065608,0.06956807644900445,0.8084772848003394
id10595,0.016463263815548343,0.9665876559910072,0.01694908019344449
id13816,0.6297867341647035,0.006962831798124965,0.36325043403717144
id05667,0.0052517174778935385,6.838376594077313e-05,0.9946798987561657
id24629,0.9362596338658553,0.008716388837288145,0.05502397729685643
id20398,0.3604396289443121,0.03728327729580235,0.6022770937598856
id14108,0.005725897440372365,0.00020045586777504517,0.9940736466918526
id06196,0.004488838205516586,0.9947376812285369,0.0007734805659465029
id02800,0.3400066395413884,0.5851958347307443,0.07479752572786735
id18732,0.10204466370756868,0.8051552411361818,0.09280009515624955
id11915,0.0025817292949588217,0.9959043019140974,0.0015139687909437914
id09739,0.9200986560750645,0.0590464277627178,0.020854916162217817
id24672,0.9978869445187639,0.00039682773180159256,0.00171622774943452
id00414,0.003371068865853592,0.002016888496141338,0.9946120426380051
id16307,0.9516143762647791,0.03616176808464933,0.012223855650571564
id14043,0.025405763715201486,0.004199292632333355,0.9703949436524651
id00517,0.0004846705477371736,5.0785353377585944e-05,0.9994645440988852
id09744,0.9296857483193497,0.06946420815789088,0.0008500435227593097
id19257,0.9981537544236242,0.00046697012247209956,0.0013792754539037728
id15437,0.6979311006825427,0.27731186399468855,0.024757035322768687
id16352,0.020342038621106208,0.008502204857912634,0.9711557565209812
id18849,0.04280796983538769,0.0020997978077615474,0.9550922323568507
id19434,0.0011928191832341385,0.9985265785948267,0.0002806022219390443
id17928,0.06748033475050924,0.0016548406512164582,0.9308648245982744
id16896,0.05525038214505453,0.0031840818289354525,0.94156553602601
id02135,0.2458065102177674,0.25636625028254345,0.4978272394996893
id15075,0.9983746052130389,0.0009896973341632586,0.0006356974527977814
id27486,0.0012037527778797244,0.9984952554436402,0.0003009917784803556
id19422,0.9817569053932887,0.017541830687845976,0.0007012639188653408
id09603,0.09777657051221984,0.8843484926735597,0.017874936814220543
id02133,0.132568464525059,0.8635801258690016,0.0038514096059394714
id03441,0.7724423353933023,0.00983441087999248,0.2177232537267053
id02398,0.05666508011726384,0.9403256651324127,0.003009254750323417
id05152,0.024794136630794217,0.005232675179627398,0.9699731881895785
id17838,0.3867826219131526,0.021335641872425575,0.5918817362144217
id25060,0.9335986644734905,0.06266276845090099,0.003738567075608497
id09998,0.07157171303757957,0.31569308695406595,0.6127352000083545
id01828,0.07647053734094172,0.8291577675350916,0.0943716951239665
id25377,0.18112349209806022,0.13422053248817065,0.6846559754137691
id22175,0.013532819618965733,0.9846094860330759,0.0018576943479583319
id02974,0.03299452932192125,0.0014927689668191527,0.9655127017112597
id26955,0.9993354717887692,0.0005607353724527759,0.00010379283877793326
id21091,0.9792659800319481,0.01488331435810753,0.005850705609944452
id12802,0.9675232387253547,0.025838281894811396,0.006638479379833902
id07432,0.0065290944641896095,0.9893624927762311,0.004108412759579229
id18749,0.11951422805473769,0.27001384346643176,0.6104719284788306
id15030,0.006490440315578731,0.003842147612086446,0.9896674120723349
id17155,0.07470083783401876,0.8365896986201715,0.08870946354580979
id08128,0.005358050669712204,0.9905557757875615,0.00408617354272619
id25706,0.004231617338155304,0.9820125541419339,0.013755828519910782
id15645,0.9364145983264026,0.05439132468123135,0.00919407699236601
id04943,0.487204800827018,0.4080728695811014,0.10472232959188052
id27566,0.004055150360631893,0.00017836061886995167,0.9957664890204982
id11765,0.08632072274024383,0.008176472682120836,0.9055028045776354
id13783,0.15221745626928745,0.8309072798844045,0.016875263846308008
id00492,0.02751528628090141,0.021424395368339403,0.9510603183507591
id27636,0.013255594376695138,0.01160170302335882,0.9751427025999461
id04273,0.9865411818753299,0.010018581860847671,0.003440236263822314
id02537,0.22568142119748147,0.056678767310190954,0.7176398114923276
id24349,0.8782478632018592,0.10990994586081713,0.011842190937323605
id00023,0.010444965439331008,0.9817020071769247,0.007853027383744379
id23025,0.005989659736044273,0.9932271568168201,0.000783183447135761
id08722,0.9783713214027444,0.005445422546273954,0.016183256050981556
id02420,0.998298710452753,0.0009135305141005672,0.0007877590331464789
id10811,0.9654387228745711,0.0007946351884445337,0.033766641936984254
id04019,0.03208552914627018,0.02151451426555809,0.9463999565881717
id18334,0.9326006356323141,0.06364014550202336,0.0037592188656624184
id16781,0.9566431607532403,0.030366553457294436,0.012990285789465178
id08773,0.9626939960095116,0.015211746842830505,0.022094257147657902
id19214,0.8205645310901117,0.04851661931217401,0.13091884959771422
id09589,0.011407945991292363,0.9693104986258735,0.01928155538283396
id24246,0.9314709966477386,0.06613728930119166,0.0023917140510696135
id23577,0.859051330733882,0.14064647638938857,0.0003021928767294585
id09305,0.9831952138516735,0.008416998546692771,0.008387787601633624
id16460,0.25693252698563634,0.07262507572259247,0.6704423972917712
id21115,0.8959581356057843,0.09313343390990404,0.010908430484311555
id25996,0.1570819748620202,0.005379196144678515,0.8375388289933012
id02551,0.003783149036979272,0.0024253334012396817,0.993791517561781
id19352,0.002230712917187222,1.8265949356263923e-05,0.9977510211334565
id03806,0.05416042182632471,0.002201989072400743,0.9436375891012745
id26544,0.9820569001684246,0.001519131961486448,0.016423967870088946
id18761,0.9932344204674083,0.000506774941277728,0.0062588045913138015
id24148,0.3436106442368965,0.649603402230259,0.006785953532844442
id16095,0.26047923374016707,0.6631025362638776,0.07641822999595546
id18442,0.8007554485695526,0.09580407385408765,0.10344047757635974
id22596,0.0005991430995050429,2.990263128656372e-05,0.9993709542692085
id23002,0.008497619862412884,0.00036361303210832597,0.9911387671054788
id04797,0.997898809800512,0.00022486070836026892,0.001876329491127658
id06610,0.09028399467384768,0.006339009381930293,0.9033769959442219
id16173,0.1474212574281534,0.8341232708749798,0.01845547169686668
id18292,0.30891229604758574,0.037620390394694746,0.6534673135577196
id27328,0.9914455415421786,0.0029600438354227274,0.00559441462239877
id01695,0.01281837388792631,0.9852351844570623,0.0019464416550115213
id05761,0.30404560304838174,0.01858144120097435,0.6773729557506439
id16354,0.9821551719804594,0.0027400442959004327,0.01510478372363999
id12207,0.3412075917281005,0.40619894016508196,0.25259346810681754
id05665,0.15645261681480524,0.0011160650687707864,0.842431318116424
id01911,0.9550360038540583,0.0293853634981194,0.015578632647822398
id19153,0.05302500071551946,0.0025600860224395837,0.9444149132620409
id10295,0.14760521564641854,0.06525793596847054,0.7871368483851108
id23038,0.8471064177502781,0.13528076800649436,0.01761281424322739
id23783,0.16926644351215725,0.8265637684668539,0.0041697880209889664
id27879,0.8588724971214333,0.14072255683162957,0.0004049460469371788
id19190,0.18285059656162847,0.8118698206775603,0.005279582760811148
id05065,0.9299568767986204,0.021834441511989596,0.048208681689389965
id21296,0.014256905136776667,0.9811695088958695,0.004573585967353831
id13262,0.13828704111999335,0.12429002468850697,0.7374229341914997
id10333,0.9843770425422999,0.0020152292385686413,0.013607728219131499
id16677,0.1971129493022955,0.7496915352291018,0.05319551546860262
id01392,0.357055087005594,0.4894168552694524,0.15352805772495354
id27874,0.996492769936675,0.0026291917784735863,0.0008780382848513564
id02294,0.008952975300125125,0.9836120029803831,0.0074350217194917596
id18298,0.003656179037277873,0.00012870725155519588,0.996215113711167
id06997,0.9889959355585197,0.00824603676452089,0.0027580276769593303
id05243,0.4832578654695874,0.2555969521974092,0.2611451823330035
id00860,0.036295778816711005,0.938110416553899,0.025593804629389896
id26681,0.9873265008189845,0.010170926700108966,0.0025025724809064885
id06020,0.002988542789035102,4.641232703569736e-05,0.9969650448839292
id27683,0.8263282378904795,0.0916351524261789,0.08203660968334153
id17655,0.010307450441660823,0.9885799746360857,0.001112574922253376
id08817,0.10277294946376422,0.06150868426717646,0.8357183662690594
id11512,0.006589663129161748,0.00492728896007198,0.9884830479107662
id00478,0.48817817200622704,0.13944832368451976,0.3723735043092532
id02116,0.8272938819661189,0.04857279754053611,0.12413332049334505
id06746,0.9903599135473174,0.006792180807980086,0.002847905644702266
id03863,0.8857127416205951,0.11184153534456637,0.002445723034838582
id01802,0.5700055569293587,0.32798015672762637,0.10201428634301503
id11682,0.32308318987457746,0.0005421799073128117,0.6763746302181097
id04033,0.016402115620586508,0.9726427186005469,0.010955165778866483
id09286,0.24914964177417,0.5251667841357036,0.22568357409012627
id12904,0.9934639329256731,0.0015757467668686188,0.004960320307458331
id07420,0.0019239262206743983,0.00017067919282875605,0.997905394586497
id22398,0.0018616501048192848,0.9975831131094841,0.0005552367856965071
id00424,0.013538671395079211,0.00015522642218590902,0.9863061021827348
id20960,0.9298341756652602,0.04377755567684553,0.02638826865789441
id10267,0.9190288035816531,0.03848371942977174,0.04248747698857527
id19330,0.4627656614489176,0.004657249889598891,0.5325770886614835
id00994,0.009167554478488854,0.9850366202117918,0.005795825309719168
id10785,0.44285204206944095,0.2389491616175376,0.31819879631302134
id00955,0.14268417131292918,0.8019761400317048,0.05533968865536613
id09757,0.005234286158274364,0.9886542799200936,0.006111433921632026
id10030,0.10915817556662341,0.010369707158684663,0.8804721172746919
id22952,0.02430645562264934,0.002666665971539956,0.9730268784058107
id21955,0.0006006516781502284,9.978421438821857e-05,0.9992995641074615
id07674,0.8193961433273552,0.04763742854385091,0.13296642812879395
id13760,0.09047420048487646,0.9027466362402944,0.0067791632748291294
id18166,0.969119576091772,0.0014957696262068777,0.02938465428202118
id23498,0.8139865365054448,0.14839958048655383,0.037613883008001246
id05296,0.9934186361585664,0.000794142345765471,0.005787221495668153
id26709,0.9731018052365402,0.017773998743216106,0.009124196020243747
id02853,0.9994560787585632,0.00026424677818841984,0.0002796744632483878
id06800,0.2865149761479111,0.5945423517624211,0.11894267208966773
id14758,0.21061912645675118,0.7685672258775391,0.02081364766570962
id12356,0.9989418936077454,0.0006342094126162149,0.0004238969796382203
id21492,0.7996815432044965,0.13301234463822872,0.06730611215727493
id27540,0.22108008546173474,0.017226989767713047,0.7616929247705522
id07376,0.040322068762635534,0.9415067852845039,0.01817114595286055
id15201,0.7552854258424367,0.21722186033296095,0.027492713824602368
id23388,0.02633016284128405,0.960773378424568,0.012896458734147936
id13923,0.012410805117597297,0.984485163558554,0.003104031323848719
id00794,0.0057620246269427765,0.991256553073669,0.002981422299388197
id23910,0.06407607626653268,0.005874749871099195,0.9300491738623682
id02556,0.039927565304962706,0.1281929083028678,0.8318795263921696
id22151,0.0019015599963294867,0.9978443436236996,0.0002540963799709734
id11698,0.23831852834684056,0.30042374265778155,0.4612577289953778
id11627,0.4076356389517536,0.09459815994737344,0.49776620110087283
id06340,0.9807494635498174,0.005942014058292137,0.013308522391890353
id05123,0.9765644910885927,0.0005385770588543773,0.022896931852552878
id26620,0.004186069676484328,8.36658917535452e-05,0.9957302644317622
id04002,0.006718678931547713,0.0008939880899470007,0.9923873329785053
id26554,0.16760147464373965,0.11362407680244052,0.7187744485538199
id18012,0.050775788144804906,0.004528637957801353,0.9446955738973937
id12964,0.017791463958929266,0.0017045871126357879,0.980503948928435
id18965,0.04223517998807676,0.562239991341574,0.39552482867034927
id19082,0.3753254952530065,0.007959003533079306,0.6167155012139142
id26742,0.015665319226309433,0.0006095765499109227,0.9837251042237796
id15442,0.13119974473509302,0.8617032783627702,0.00709697690213676
id16647,0.5805088861110015,0.00820525169214537,0.41128586219685315
id11544,0.1031027053509203,0.007785822109374066,0.8891114725397056
id20581,0.2026471019937834,0.6317954508777824,0.16555744712843418
id13192,0.8161573087973638,0.10491228255325133,0.07893040864938487
id15814,0.381948889129636,0.48570396981546515,0.1323471410548987
id26279,0.01609465667995416,0.9824908900573569,0.0014144532626889873
id00240,0.9918498567991647,0.0017719484310835163,0.0063781947697518
id22836,0.9846021351064221,0.0027517855465457692,0.012646079347031965
id15085,0.08463955640913386,0.8743468492099565,0.041013594380909596
id17495,0.3803449936913054,0.09077274947524636,0.5288822568334482
id26762,0.28034313296015156,0.011835753265536549,0.7078211137743118
id13685,0.9950883794282379,2.4182557717763922e-05,0.004887438014044348
id16560,0.019115605943035012,0.9787028460746984,0.0021815479822664668
id17184,0.01588078562753852,0.9671901829020275,0.01692903147043385
id21635,0.999641806784474,6.182131580110078e-05,0.0002963718997248971
id26751,0.7582686127510122,0.21755536823262428,0.02417601901636345
id12351,0.9486170963620251,0.0040538153961452595,0.047329088241829693
id14872,0.7599985757436786,0.13012269908172402,0.10987872517459735
id18372,0.9931471560841438,0.0024933076135531967,0.004359536302302881
id26851,0.9474019810029054,0.04437717826586461,0.008220840731229999
id22659,0.6451695813030692,0.3529372705993041,0.0018931480976267267
id04102,0.004476071759622032,4.53642429265298e-05,0.9954785639974514
id02353,0.011457380780837727,0.9760570323228812,0.012485586896280983
id26721,0.9988537161949368,0.00039860165794582434,0.0007476821471173289
id11171,0.7992063449073142,0.001484421801157696,0.19930923329152803
id13562,0.1337370429275105,0.7461756506400979,0.12008730643239154
id26425,0.841552368930028,0.04812664743612266,0.11032098363384915
id26394,0.4696413326947754,0.06600306607721121,0.46435560122801345
id22187,0.40867008602707233,0.41981087535659434,0.17151903861633327
id00422,0.9994465140992281,0.00017289447477270248,0.000380591425999248
id22667,0.000695196093614032,0.9990702840141189,0.00023451989226731668
id00911,0.909936775283557,0.007364823374736834,0.08269840134170629
id17291,0.4208838129934,0.01504906738846381,0.5640671196181362
id01915,0.659320891504317,0.25200009987790045,0.08867900861778236
id01434,0.0418782916235917,0.004508154008880046,0.9536135543675284
id01584,0.7673123947143606,0.07773676371563082,0.1549508415700086
id09266,0.9851184042397241,0.01335505799564345,0.0015265377646325124
id17494,0.01818844946440093,0.9666116592700872,0.015199891265511885
id24919,0.19774152256735852,0.5710225095580013,0.2312359678746402
id21043,0.010498107894203678,1.0075860025580783e-05,0.9894918162457708
id17796,0.01894824394510138,0.9759566938073176,0.005095062247581123
id02166,0.29098371585008254,0.009659992617785064,0.6993562915321324
id17503,0.9791040536800998,0.009597340385275242,0.011298605934624997
id21203,0.9476648217495474,0.026094321205904103,0.026240857044548604
id25626,0.9996690708173778,0.0001646624857759139,0.00016626669684616452
id09836,0.9983015474410973,0.000358345666140209,0.0013401068927624683
id24202,0.020154233175439355,0.032009802475909496,0.9478359643486511
id27260,0.15872731409786223,0.019078016312047807,0.82219466959009
id23167,0.004407710182749437,0.000226768129544896,0.9953655216877058
id10393,0.006764221663714814,0.9923223961756166,0.000913382160668783
id01171,0.9474086816119335,0.048745368015920075,0.0038459503721465574
id06380,0.9848851628379903,0.002937579292274876,0.012177257869734903
id22686,0.031153587494282504,0.0002709079596625831,0.9685755045460549
id26250,0.05742052976540271,0.0008435156801876368,0.9417359545544095
id09315,0.044637121304315484,0.9266983899822764,0.028664488713408032
id00886,0.03183591208567675,0.928942400917687,0.03922168699663634
id03101,0.9795382347171551,0.01799747202182759,0.0024642932610174895
id12367,0.5940876400253495,0.00015011601551958992,0.4057622439591308
id10770,0.7662178310705414,0.022270465566843974,0.2115117033626146
id14949,0.057089123378877914,0.9349809608386418,0.007929915782480377
id14141,0.3936104106811685,0.5807337032971669,0.025655886021664655
id25417,0.25364004518905664,0.7338640217697275,0.012495933041215834
id26873,0.9838035284285668,0.003102225091618947,0.013094246479814144
id10818,0.04943212241362728,0.004861881617701741,0.945705995968671
id15146,0.9902835601752353,0.007345992165383669,0.002370447659381014
id23328,0.9691896469675263,0.017236308178955898,0.01357404485351783
id16765,0.7916205442018797,0.1704185822654551,0.03796087353266521
id24383,0.9794955823051134,0.0001097863950561664,0.02039463129983046
id21304,0.7772874243819794,0.15188720656245747,0.07082536905556328
id12551,0.005472610145662047,0.9909786530897655,0.0035487367645725323
id23274,0.011462787202511655,0.004933661726082356,0.983603551071406
id08117,0.9267968164992109,0.020092308116306485,0.05311087538448259
id23961,0.9009316843736312,0.005161207116490473,0.09390710850987818
id13865,0.030362711949560212,0.9209574206014113,0.0486798674490285
id22807,0.7683540190171703,0.00969780520325127,0.22194817577957843
id08951,0.06545999817005246,0.026931890481581303,0.9076081113483663
id18684,0.9966889825158056,0.00209502133941954,0.0012159961447749052
id25179,0.2065686351118675,0.5592162741774818,0.23421509071065078
id27033,0.8613997222320906,0.03971751637368154,0.09888276139422786
id13977,0.060270821522677084,0.8216984396411569,0.11803073883616608
