id,EAP,HPL,MWS
id02310,0.010135624078154508,0.011227809656213865,0.9786365662656316
id24541,0.9900136775415134,0.00925943229999165,0.0007268901584949699
id00134,0.00880615278243688,0.987033328793511,0.004160518424051927
id27757,0.9352228357178242,0.054417445063488785,0.010359719218687181
id04081,0.22643124577346718,0.3052416661466046,0.4683270880799282
id27337,0.9941913352539091,0.004920307523797436,0.0008883572222932584
id24265,0.8712809630970823,0.12518547687122406,0.0035335600316936675
id25917,0.04030809921746581,0.588403405367761,0.3712884954147731
id04951,0.9996039577790368,0.00031829563162984707,7.77465893333654e-05
id14549,0.9874660861051746,0.002314076061290216,0.010219837833535245
id22505,0.03278391010053482,0.043820098983496814,0.9233959909159682
id24002,0.0004304842908745219,0.9985018322735107,0.001067683435614912
id18982,0.16203880251266292,0.45679961380905326,0.3811615836782838
id15181,0.08630637857735216,0.9036054184524984,0.010088202970149465
id21888,0.6730883599715782,0.1053250511688225,0.22158658885959928
id12035,0.004638273552274037,0.0018004928578934378,0.9935612335898326
id17991,0.26694634884019375,0.015948555535831663,0.7171050956239746
id10707,0.9997947094811159,0.00014304084847484438,6.224967040914585e-05
id07101,0.3791041527151403,0.012351964072767457,0.6085438832120923
id00345,0.3246900168548829,0.6671148499768335,0.008195133168283623
id05912,0.7700364850115149,0.15010411157396444,0.07985940341452066
id13443,0.9399624701637107,0.028223802160931285,0.03181372767535793
id09248,0.13380494452006844,0.035880692294136776,0.8303143631857948
id17542,0.05941677851116321,0.8819125487474244,0.058670672741412404
id06995,0.06767446134088168,0.012159128302324915,0.9201664103567935
id25159,0.5441006077068166,0.008282638930346782,0.44761675336283663
id25729,0.4566015683962708,0.45883380841468574,0.0845646231890434
id26949,0.9410096544242107,0.029183702052043573,0.02980664352374584
id27191,0.013388274835686312,0.0128945656054917,0.9737171595588219
id07668,0.7379013135651791,0.0020548199166182794,0.2600438665182025
id02230,0.02240592569536751,0.43750436709084556,0.5400897072137869
id15553,0.9992402791707835,6.782532306702935e-05,0.0006918955061493796
id25688,0.011957337685919656,0.9826048385505841,0.0054378237634961964
id17545,0.9865731612416295,0.011138225295455877,0.0022886134629146065
id13929,0.051174268823283686,0.3324518224676866,0.6163739087090296
id12880,0.3348046511874788,0.49996865462768786,0.16522669418483335
id19282,0.9664664862706903,0.00940951972817461,0.024123994001135022
id14690,0.0026507845454562316,0.003188190197236293,0.9941610252573074
id17975,0.06879058101148994,0.8809630008357258,0.0502464181527842
id08037,0.9117914137380919,0.028874396731751774,0.05933418953015618
id15412,0.04023094195512082,0.0032132915901249928,0.9565557664547543
id25032,0.7077328392310775,0.05612279055918165,0.23614437020974086
id27165,0.9991478360613318,0.0005387809579652128,0.0003133829807029903
id03327,0.5792646110344278,0.37989814434231667,0.040837244623255456
id18515,0.380348656134288,0.05197299950504473,0.5676783443606673
id21003,0.3611689675428964,0.06411018178022432,0.5747208506768793
id23855,0.003762695742975526,0.9666947634858789,0.02954254077114556
id20724,0.7831235770714176,0.12438308520756901,0.09249333772101331
id13303,0.5487820318005164,0.01144595050525772,0.43977201769422597
id16521,0.021944571439117218,0.27121771524682636,0.7068377133140564
id20775,0.9971437933163472,0.002329927011787885,0.0005262796718650997
id13029,0.9701673746895971,0.018611468776914383,0.011221156533488525
id14660,0.9588681386649975,0.03749720751206984,0.0036346538229327127
id11028,0.003289629760371719,0.00269127405762064,0.9940190961820078
id14180,0.9923541967033441,0.004341286424533277,0.0033045168721224654
id25860,0.9986151395208447,0.0011097794146455607,0.000275081064509778
id11910,0.560173567495894,0.025612659995380475,0.41421377250872565
id08065,0.24570317203011607,0.04311859634465132,0.7111782316252326
id22674,0.0056974563931152895,0.004481059022020373,0.9898214845848643
id25018,0.23919889272498782,0.011669129194047818,0.7491319780809643
id10892,0.020210674442841838,0.977053596940352,0.0027357286168060574
id10217,0.04829425510535797,0.9340883984245782,0.01761734647006382
id12996,0.4209547420687468,0.07947399864439986,0.4995712592868534
id18262,0.14732896421981384,0.7551513595756758,0.09751967620451037
id08606,0.001634165929786634,0.997710285152261,0.0006555489179522738
id17233,0.9671273186050848,0.005186282192556111,0.02768639920235906
id00101,0.4121687458664256,0.573353233741986,0.014478020391588313
id12225,0.9838303159960019,0.01097551261488517,0.005194171389112956
id01364,0.004117669513862632,0.9947819158281326,0.0011004146580047792
id24973,0.8628378339604535,0.03520288647112271,0.10195927956842389
id25363,0.7660420872475565,0.000698506400194909,0.23325940635224862
id10061,0.2803171723980578,0.04252718250356603,0.6771556450983762
id17673,0.09461269898426766,0.8623094219496069,0.04307787906612534
id13249,0.27896445358304855,0.07876546884671953,0.6422700775702319
id10107,0.12381312433893663,0.059482485175112454,0.8167043904859509
id04403,0.8526815434346235,0.02947798907466246,0.11784046749071389
id25728,0.9805671182038554,0.006437893655832353,0.012994988140312136
id16184,0.38743202179041086,0.030605485370760455,0.5819624928388287
id03438,0.15459743724778693,0.002903456089945395,0.8424991066622677
id22923,0.01106920905444805,0.9886093798023952,0.0003214111431568158
id08610,0.9927080836345074,0.003773696808552788,0.0035182195569399147
id25355,0.13214800528469386,0.0695413377455481,0.7983106569697579
id16916,0.6469851626355695,0.31773132796535125,0.035283509399079226
id12793,0.032481687755588705,0.9548495449567209,0.01266876728769027
id11859,0.618371327764088,0.007051181007184743,0.3745774912287273
id02434,0.9979141427750161,0.0006632230063190746,0.0014226342186648734
id27703,0.0008820092672836221,0.002377802879783358,0.9967401878529331
id25212,0.012689991461305202,0.9655029212528049,0.021807087285889933
id11308,0.06331506825590846,0.0377126298685194,0.8989723018755722
id26094,0.9855421808296692,0.002626346505860744,0.011831472664470094
id22080,0.9783765584168508,0.017252131189449352,0.004371310393699781
id03545,0.993544496304883,0.005948764004422801,0.0005067396906943769
id23725,0.002378832628914884,0.01220816221794125,0.9854130051531438
id12009,0.9462933443485277,0.04691161839284087,0.006795037258631436
id24241,0.04264664765075488,0.5995174906161206,0.3578358617331244
id03596,0.0019971159549213506,0.9974822663093155,0.0005206177357632365
id10749,0.05436960251136186,0.9238017522680197,0.021828645220618382
id22794,0.003208505903210429,0.015222141572993305,0.9815693525237963
id15482,0.048858685965415684,0.7146332744775172,0.23650803955706698
id04833,0.6464993133326323,0.2746365945820961,0.07886409208527154
id00397,0.0011150634162663336,0.00011062844136883125,0.9987743081423648
id14691,0.05538976695392604,0.4028883613516138,0.5417218716944602
id05193,0.47712622191074766,0.04013351365082509,0.4827402644384272
id19541,0.9909263627707405,0.0016005520221845945,0.00747308520707473
id22166,0.004419326881953309,0.001238396786560159,0.9943422763314866
id20744,0.0037101848118238382,0.0018680881578406801,0.9944217270303355
id10392,0.0006233839817076447,0.0736427406845218,0.9257338753337706
id00770,0.9855666558775422,0.010504788166592836,0.00392855595586494
id06018,0.7758887746204026,0.20601432442104053,0.018096900958556688
id15678,0.4338524147662741,0.06635212617471878,0.4997954590590071
id08305,0.933014189389018,0.062132089585574715,0.004853721025407424
id08903,0.7268595607645005,0.021160144217771532,0.251980295017728
id14752,0.4608256285811608,0.5018910460120465,0.03728332540679273
id12468,0.16771519980753882,0.8300287638202706,0.0022560363721906575
id05085,0.6916017870401605,0.2515766115905862,0.056821601369253315
id21993,0.7239644867601794,0.003665465463183166,0.2723700477766373
id15503,0.8538836654343308,0.14099407672575942,0.005122257839909922
id03021,0.0019221725639572299,0.9822753838636608,0.01580244357238206
id16123,0.975715685309061,0.01289105130642743,0.01139326338451163
id19383,0.9614532412402053,0.025595643926172047,0.012951114833622693
id04186,0.9868536591550991,0.001493482031270148,0.011652858813630498
id17954,0.006446382718434899,0.00622474570559373,0.9873288715759713
id12030,0.056226010954993695,0.003201709989223931,0.9405722790557823
id13020,0.976329802235198,0.017371947757172816,0.006298250007629003
id25327,0.017551898176639574,0.8749179801779192,0.10753012164544108
id16344,0.21316722872289273,0.10979360770509412,0.6770391635720132
id12303,0.021888675384372294,0.9651927414544846,0.012918583161143022
id15017,0.9008182904746631,0.09812582455434622,0.0010558849709907201
id22308,0.3758266110005305,0.04828537870798169,0.5758880102914878
id06536,0.00394383395373256,0.005019132701059226,0.9910370333452082
id19797,0.15581637819116534,0.6832660837450691,0.16091753806376552
id06332,0.6653070424282248,0.19227414073710158,0.14241881683467358
id22941,0.2924399643027264,0.2934430019689364,0.4141170337283372
id13547,0.016838068324442103,0.013518953487849837,0.969642978187708
id06928,0.03188489759533347,0.001662809511209824,0.9664522928934566
id12521,0.7062067652671536,0.2766413045325027,0.017151930200343786
id25716,0.5521646862467811,0.00742380800365197,0.44041150574956694
id27116,0.0023292084014730646,0.00021299232192231908,0.9974577992766046
id19941,0.01317762416814932,0.9765671747245394,0.010255201107311455
id05711,0.0005672268772747023,0.00033992056975774734,0.9990928525529674
id02097,0.0026118850997273266,0.02575354479870054,0.9716345701015721
id03563,0.0007352845653171923,0.99749847593471,0.0017662394999730365
id02295,0.010292427215119493,0.9812436441556679,0.008463928629212527
id08179,0.9996306248601946,0.00015858015111680165,0.00021079498868880394
id05332,0.010497063455726204,0.9835581194534908,0.005944817090782946
id15697,0.7175494075694876,0.17797967911777127,0.10447091331274112
id17026,0.07852783218017982,0.026382365304568216,0.8950898025152519
id04243,0.2780034889013287,0.6899178486180062,0.03207866248066503
id13175,0.9863264054351485,0.012147215314479383,0.0015263792503721297
id05387,0.9701011242644719,0.01080325114209571,0.019095624593432392
id19989,0.9564656234886941,0.012111045003093917,0.03142333150821194
id25173,0.06143580312899125,0.0503980679602226,0.8881661289107861
id08925,0.02039300296221816,0.9749427362906801,0.004664260747101892
id03034,0.004292953015243269,0.976113692427005,0.019593354557751953
id13272,0.007803593343323826,0.9868362430109018,0.005360163645774327
id07956,0.9264021379912422,0.009172636914970668,0.06442522509378723
id02648,0.0734389028756835,0.013818671359806632,0.9127424257645099
id01778,0.023314795781279693,0.045245991537779556,0.9314392126809408
id12846,0.003723091915687125,0.002443212120868075,0.9938336959634448
id19001,0.02775889370977601,0.011364261390597348,0.9608768448996268
id05763,0.8003818078473744,0.031292169321865834,0.1683260228307597
id15590,0.0054018675092942165,0.0005086052177978444,0.994089527272908
id04912,0.44337286042769103,0.5151414918876883,0.04148564768462073
id21201,0.7802182505405428,0.11779237783006186,0.10198937162939538
id13215,0.9928572264810626,0.0011649294841259122,0.005977844034811518
id15612,0.024036209961806807,0.9672981516067282,0.008665638431465023
id18501,0.03845082252031028,0.011518774677976313,0.9500304028017134
id07223,0.9527094681947613,0.03815633054313983,0.009134201262098794
id06707,0.5163400337539673,0.27042135623646735,0.21323861000956534
id05238,0.0007939066405916963,0.9985968930648609,0.0006092002945473484
id00935,0.005700291729051546,0.015644484533951928,0.9786552237369966
id00110,0.8246904439973373,0.04180599850607428,0.1335035574965884
id17476,0.9549868173915511,0.04039161062024096,0.00462157198820805
id15170,0.9853673451595235,0.012260022500921473,0.0023726323395550546
id13397,0.4193907323259666,0.06252704079351178,0.5180822268805217
id24283,0.7830754616000838,0.18912969140804417,0.02779484699187197
id15234,0.9847427153318676,0.01473725406971005,0.0005200305984223431
id16884,0.2998899891445266,0.22677284538723883,0.4733371654682346
id07831,0.47741055259304244,0.39251636334744916,0.13007308405950838
id16038,0.9783433899479703,0.020121073871936557,0.00153553618009312
id03629,0.9876552390143418,0.009163369894497678,0.003181391091160562
id21019,0.9595158674704749,0.033158329478198606,0.007325803051326518
id21835,0.7079031665199941,0.05884850940474648,0.23324832407525942
id04480,0.04976390972900541,0.9493061501546874,0.0009299401163069446
id20838,0.128856555833383,0.8320019008896559,0.039141543276961004
id24195,0.13423281628724967,0.49617246428083456,0.36959471943191574
id05448,0.7430479904052544,0.24505525094928943,0.011896758645456135
id15957,0.009982586477466278,0.9879557498840096,0.002061663638524069
id19956,0.0012650041514527459,0.00034139220670730827,0.9983936036418399
id15104,0.03803003654237528,0.06710448783845098,0.8948654756191737
id17559,0.806934826570103,0.16892999795405003,0.024135175475846957
id16839,0.09946407519532649,0.11132948027571983,0.7892064445289537
id14493,0.9131999186806049,0.02248124554411167,0.0643188357752836
id08833,0.9830897367357467,0.002368682725986795,0.014541580538266593
id15723,0.5147714952470276,0.01913364572914403,0.4660948590238284
id02716,0.9687044377102965,0.016274906344437796,0.01502065594526592
id06689,0.05737729388888628,0.9381223959585946,0.0045003101525190065
id18837,0.3597081839816826,0.06106809551708604,0.5792237205012314
id04466,0.8008205508473305,0.1765129555141004,0.022666493638568964
id00686,0.4055747892252988,0.0053600907629630795,0.589065120011738
id09010,0.19159511185796,0.8055231973260186,0.00288169081602153
id23353,0.9908966928470052,0.001106373966319435,0.007996933186675272
id00066,0.984711454767788,0.012819906943636921,0.002468638288575086
id15724,0.5461100129542618,0.3034915525945055,0.15039843445123263
id23486,0.0251897463879656,0.0005868300155607746,0.9742234235964736
id22258,0.009242233126612704,0.004532669114270991,0.9862250977591163
id02292,0.6012118734898054,0.3551290560924329,0.04365907041776168
id16356,0.057769679897596536,0.014306722457445015,0.9279235976449585
id00235,0.8616419887961458,0.01509979541567924,0.12325821578817503
id25522,0.14379037918709545,0.023717258094731613,0.832492362718173
id04204,0.014937919774093015,0.9830766860471738,0.001985394178733028
id22016,0.703540620119922,0.03181818376715789,0.2646411961129201
id06480,0.1519610429197772,0.8354157232982935,0.012623233781929333
id08718,0.22109116673682333,0.0018552530043046004,0.7770535802588721
id05251,0.0015140658176456036,0.9973613558143618,0.0011245783679925264
id03359,0.8671431034134689,0.004570619095464252,0.12828627749106683
id16117,0.02807712134071966,0.0011710296957111997,0.9707518489635693
id17000,0.00621313930029791,0.9920196971205877,0.0017671635791144473
id01730,0.010565471818006851,0.9852379420445668,0.004196586137426345
id00630,0.9281983481552328,0.0707917246078974,0.001009927236869888
id18175,0.18310304891483087,0.02569690334714002,0.7912000477380291
id00907,0.7698553234688822,0.1915791817860643,0.03856549474505349
id18251,0.14399060396205476,0.8499415381798453,0.006067857858100073
id25861,0.46993827383951897,0.24639412126214286,0.2836676048983381
id00398,0.966822876752198,0.02452387312609506,0.008653250121706944
id27573,0.9973841820826971,0.0004487862645565804,0.002167031652746347
id10022,0.0760762234022069,0.511802807122215,0.41212096947557814
id15901,0.0641202028274251,0.0014141223167231925,0.9344656748558517
id00451,0.07117881492601821,0.14292159510663194,0.7858995899673498
id23129,0.012549720440900898,0.9817216313319412,0.005728648227157698
id26498,0.3445361770711525,0.18682942337989722,0.4686343995489502
id14741,0.21300069056287857,0.6764092586212751,0.11059005081584641
id18453,0.22390913512426142,0.039748562980629065,0.7363423018951095
id08309,0.8002316072562238,0.19568179695551366,0.0040865957882625726
id00320,0.9990233014405006,0.0004260224222053675,0.0005506761372941967
id07688,0.29587825944549956,0.45694580529548356,0.24717593525901696
id01556,0.0035406796280258103,0.0016734976588263452,0.9947858227131479
id00178,0.4034065480418916,0.023272743215481378,0.573320708742627
id18902,0.0032580466068705756,0.007314059740506863,0.9894278936526225
id27002,0.649350090905836,0.30628881538600533,0.044361093708158716
id21418,0.9992147679460222,0.0006332336963766058,0.00015199835760131605
id23018,0.018344219105298498,0.027467084237146243,0.9541886966575552
id07032,0.5444141451988017,0.13847689864686588,0.3171089561543324
id16195,0.9430452789428114,0.008318867877380195,0.048635853179808376
id11202,0.057851792806899824,0.9374930762253113,0.0046551309677889926
id09578,0.9678953560441059,0.003817429938937915,0.02828721401695619
id26984,0.9811377656217448,0.003965393071941317,0.014896841306313949
id19856,0.004518604933900078,0.9950868733293247,0.0003945217367753286
id12086,0.6995388954428139,0.038447871649797884,0.26201323290738826
id12052,0.017345394021863365,0.015612155526374783,0.967042450451762
id17728,0.004274296578803822,0.004552321277787594,0.9911733821434086
id24608,0.1115548543398167,0.3239392380831617,0.5645059075770216
id21097,0.15422476108599656,0.23521517472769232,0.6105600641863111
id20179,0.0004967081107148914,0.00036789094403761837,0.9991354009452474
id15144,0.6965897539900292,0.21473043649593154,0.08867980951403928
id00206,0.9869295765487953,0.009919755835211687,0.0031506676159931577
id22285,0.01511431221504861,0.012193308680433066,0.9726923791045183
id06417,0.43853230006659366,0.4905872108342562,0.07088048909915028
id00215,0.20268598746857755,0.7906143543819928,0.006699658149429539
id04201,0.24976006844902823,0.040989312219282224,0.7092506193316895
id21771,0.9584602841433306,0.034369175236519105,0.007170540620150256
id12451,0.02636623822776957,0.15599307230846468,0.8176406894637658
id14250,0.015313618453535936,0.9117244902940926,0.07296189125237151
id03433,0.08893982645832484,0.8989070360348034,0.012153137506871754
id03303,0.0025547593018835552,0.0018141976002840829,0.9956310430978323
id25901,0.05365945865626402,0.8050366891047651,0.1413038522389709
id06945,0.8104499834851083,0.020306078531454476,0.16924393798343723
id05664,0.8644625975672843,0.06486371150217356,0.0706736909305422
id05741,0.9979828694348888,0.00037322924395501037,0.0016439013211561415
id10652,0.9731421656092473,0.006643449516407565,0.020214384874345213
id16300,0.9677575232088863,0.0219309968415637,0.010311479949549944
id12319,0.5741224345025013,0.27675035457580704,0.1491272109216917
id07500,0.0057940262789968255,0.991187850810414,0.003018122910589077
id12478,0.310790501157326,0.25243536447647774,0.43677413436619617
id03076,0.049276528196694085,0.015817639222272754,0.9349058325810332
id00969,0.14387137399360664,0.7996256981261143,0.05650292788027908
id23636,0.03410612342411566,0.9351152598956813,0.030778616680203114
id09791,0.0638219021501518,0.5856550374014385,0.35052306044840964
id05680,0.015025829760826837,0.8985687298463764,0.08640544039279684
id03672,0.019120747605507006,0.9644174589494691,0.01646179344502403
id04286,0.0024637205743798314,0.9585364669568917,0.038999812468728426
id23883,0.0009621583675321333,0.006192614075119021,0.9928452275573489
id11914,0.18612554992094324,0.12284038691660741,0.6910340631624493
id20974,0.003101197922740083,0.9958222657858228,0.001076536291437108
id26125,0.16426751378138105,0.020607411308549692,0.8151250749100692
id15543,0.062217936539805646,0.007329293367677898,0.9304527700925166
id19471,0.998457084185586,0.0007198947137380092,0.0008230211006759227
id11503,0.7393086728553674,0.17710643413167024,0.08358489301296244
id09321,0.0018245750007925155,0.9682229587511073,0.029952466248100107
id25560,8.988752656828175e-05,0.0001622874146057821,0.9997478250588259
id06726,0.2299493812324177,0.3141980424075036,0.4558525763600786
id05709,0.987225448619547,0.0012116596968327362,0.011562891683620414
id09788,0.145521896166857,0.31571492620590935,0.5387631776272336
id05289,0.9990062937947479,0.0007245149720562117,0.00026919123319582523
id11815,0.035651339716623966,0.9538781011800884,0.010470559103287482
id22422,0.7251784643684981,0.19609847668198108,0.07872305894952099
id25954,0.7773026837556853,0.04258693681454099,0.18011037942977362
id13601,0.7777687224255616,0.15677221630496982,0.06545906126946875
id05677,0.9919134414391667,0.0011275531233049876,0.006959005437528247
id10498,0.09818132096363448,0.9001522266716088,0.0016664523647568958
id02665,0.6198972772335662,0.3612093583938201,0.018893364372613495
id10114,0.04225178722038853,0.9153457847471954,0.042402428032416055
id26314,0.9773955989685384,0.021567186804228707,0.0010372142272325985
id21240,0.8247726186047704,0.03263391642613642,0.1425934649690933
id15569,0.997749646571237,0.0015105467586772863,0.000739806670085654
id25928,0.07030171787133735,0.05591322519788216,0.8737850569307805
id22706,0.09135162128165339,0.8967405937847759,0.011907784933570883
id20877,0.0006794140642002297,0.9946762725475494,0.004644313388250177
id04318,0.9548878659226966,0.003115903978129394,0.04199623009917407
id18299,0.055959999956698696,0.5619481594874564,0.38209184055584505
id08126,0.006343186735244844,0.005866532833445733,0.9877902804313095
id14293,0.09721980363209896,0.007442168500927998,0.8953380278669731
id12759,0.9965558136366321,0.000344102373630427,0.003100083989737494
id11983,0.11701646232336746,0.12239942257916535,0.7605841150974673
id05580,0.08278982816704174,0.7493119750746963,0.16789819675826215
id25846,0.24513204031110297,0.6851745059290052,0.06969345375989186
id01939,0.7022394812607633,0.02273152466894215,0.2750289940702946
id26327,0.17910415499696045,0.6125847427995728,0.2083111022034668
id11068,0.0019640403921466322,0.00036044856240627365,0.997675511045447
id08404,0.9977827766076477,0.0009879115670832872,0.0012293118252691517
id27189,0.134559981485925,0.8533791669165044,0.012060851597570596
id15119,0.013950749895443475,0.982265748779615,0.0037835013249414946
id26525,0.9759656488540779,0.002848059689393416,0.02118629145652874
id03618,0.8284912661392153,0.13098401211908992,0.04052472174169481
id27220,0.9945405243983859,0.0010875009314592387,0.004371974670154946
id18777,0.10067092152756901,0.004178552974820558,0.8951505254976104
id20213,0.9946239722891176,0.0022315126657890105,0.003144515045093554
id20403,0.9429567164750653,0.037653082206455704,0.019390201318478864
id03777,0.0903241723055095,0.27990344323133554,0.629772384463155
id10595,0.026917020170412087,0.9343759184999254,0.03870706132966259
id13816,0.3518867525699775,0.03040669704043475,0.6177065503895878
id05667,0.01673273394668885,0.002357069628092867,0.9809101964252183
id24629,0.8861931188078116,0.004659974106453872,0.10914690708573457
id20398,0.10449632790800673,0.28537909925135785,0.6101245728406355
id14108,0.0013442730620548064,0.00048569496680157836,0.9981700319711436
id06196,0.002174536029672876,0.9973762622187354,0.00044920175159158577
id02800,0.9076812896990311,0.07247587511517811,0.019842835185790896
id18732,0.005313941233344842,0.9836560961196861,0.011029962646969059
id11915,0.012595420680306951,0.9836116792758046,0.0037929000438884047
id09739,0.7036381450920521,0.07213279974713398,0.2242290551608138
id24672,0.9970371830033684,0.000622242242859428,0.002340574753772109
id00414,0.0006466127090933095,0.005122604326742249,0.9942307829641645
id16307,0.9587189563577211,0.031268678715694165,0.010012364926584711
id14043,0.22011612667219443,0.0039561512450815945,0.775927722082724
id00517,0.0001663853494179252,0.0003342876716585736,0.9994993269789235
id09744,0.9883569803663542,0.01056314717280496,0.0010798724608408557
id19257,0.9949050948422421,0.003044702175252509,0.0020502029825053216
id15437,0.7230331560367622,0.27359209476701535,0.0033747491962222782
id16352,0.02094845040198882,0.030229616911347526,0.9488219326866636
id18849,0.1355742849003655,0.002791817642668887,0.8616338974569656
id19434,0.0003745973353305552,0.9994499784991174,0.0001754241655518315
id17928,0.11639076144002139,0.01502176349560513,0.8685874750643735
id16896,0.03709305783403225,0.024546712026231227,0.9383602301397366
id02135,0.03765170750262959,0.3533313753984537,0.6090169170989167
id15075,0.998287195641798,0.0014050868206979057,0.0003077175375042367
id27486,0.006567073415508208,0.9927093101557206,0.0007236164287710537
id19422,0.9653319166388911,0.03312213122744823,0.0015459521336606034
id09603,0.16315648567869223,0.810285958086842,0.026557556234465773
id02133,0.07024200332472538,0.9036627143150597,0.026095282360214796
id03441,0.6788924642194804,0.006220203054860931,0.3148873327256587
id02398,0.007104126517680574,0.9897686735443849,0.0031271999379345037
id05152,0.004135516045482035,0.005929496103207369,0.9899349878513105
id17838,0.48082260956502076,0.18102869187032478,0.3381486985646544
id25060,0.8013917278267566,0.1913813692794674,0.007226902893776007
id09998,0.023137497820040962,0.03243895869949853,0.9444235434804605
id01828,0.04345435041783388,0.8960419284308153,0.06050372115135085
id25377,0.4598190789986709,0.059898231763202976,0.4802826892381261
id22175,0.03554888848173714,0.9578888648281986,0.006562246690064164
id02974,0.039382047684439134,0.05205253639459296,0.9085654159209678
id26955,0.9956406434333696,0.004234581750026354,0.00012477481660410212
id21091,0.9096723955320094,0.06992606802608406,0.020401536441906558
id12802,0.9052220059412357,0.08281571707553166,0.011962276983232743
id07432,0.0006415802628873237,0.9988254317848875,0.0005329879522250567
id18749,0.010487430925362041,0.9454187846238019,0.04409378445083599
id15030,0.0009343047614479415,0.002436782987686789,0.9966289122508653
id17155,0.0023167566102978675,0.9970648386656416,0.000618404724060524
id08128,0.0024240790709150633,0.9941031155426624,0.0034728053864224043
id25706,0.001863200966402651,0.9577424604141227,0.04039433861947464
id15645,0.9707880282846328,0.018029325091103745,0.011182646624263418
id04943,0.7272554718801783,0.16295410272181818,0.10979042539800356
id27566,0.009889803454385991,0.0026638786050532056,0.9874463179405607
id11765,0.5758809239338673,0.06769269240377558,0.35642638366235707
id13783,0.6654526221535169,0.3129137228010309,0.02163365504545217
id00492,0.01932717572213073,0.0511577898610163,0.9295150344168529
id27636,0.06201660718083044,0.02911538001560118,0.9088680128035683
id04273,0.9527284913859622,0.013639173552440232,0.03363233506159776
id02537,0.015637053977383034,0.01381472193279347,0.9705482240898236
id24349,0.9249446057708531,0.06661630961282033,0.008439084616326427
id00023,0.007634111600059087,0.9687767329083674,0.023589155491573706
id23025,0.024777549359493157,0.9564498428788096,0.018772607761697153
id08722,0.971263720432586,0.012385827193922436,0.016350452373491576
id02420,0.996314689076363,0.0033493976377341455,0.0003359132859026552
id10811,0.9832173170120747,0.0058231053159754865,0.010959577671949817
id04019,0.0023560781962290982,0.022022801636434264,0.9756211201673366
id18334,0.8158468809101911,0.15024487745159754,0.033908241638211344
id16781,0.6890576212148234,0.27297268126836843,0.03796969751680807
id08773,0.9546885457823479,0.039712508789870045,0.005598945427782183
id19214,0.7483007836761738,0.19267040660618504,0.05902880971764135
id09589,0.0038640468127591207,0.9939604825327929,0.0021754706544480523
id24246,0.9731957419876707,0.023449066654756146,0.0033551913575732622
id23577,0.32923696040418665,0.6691387541645603,0.0016242854312530518
id09305,0.95668314966876,0.013986304767642451,0.02933054556359751
id16460,0.3763090269155949,0.18450014773608125,0.43919082534832393
id21115,0.6982426924109897,0.201799163228037,0.09995814436097335
id25996,0.25261303029097787,0.20187326009289902,0.5455137096161231
id02551,0.002373033095471177,0.008604373482621653,0.9890225934219071
id19352,0.0018268469774252458,0.00022688261075459412,0.9979462704118202
id03806,0.018688129300027157,0.008231365849552414,0.9730805048504203
id26544,0.9575918894814534,0.003408867680022202,0.038999242838524455
id18761,0.982093983102588,0.004736473329166862,0.013169543568245234
id24148,0.11628204055629697,0.8766598149994493,0.00705814444425365
id16095,0.21200584718269108,0.7692953437159585,0.01869880910135048
id18442,0.8301402355048949,0.11917779433863458,0.050681970156470545
id22596,0.0001703447028774969,0.00012540667943960893,0.9997042486176829
id23002,0.012782999704900514,0.012364872391719989,0.9748521279033795
id04797,0.9972391288992637,0.0013272463984696336,0.0014336247022665727
id06610,0.046062341658962204,0.0030884338467172642,0.9508492244943206
id16173,0.7163945897193389,0.24624385474459518,0.03736155553606588
id18292,0.36073574528773367,0.11811427766019987,0.5211499770520666
id27328,0.9909944725672714,0.0012595430476644001,0.007745984385064095
id01695,0.000737855535609489,0.9981809730708954,0.001081171393494966
id05761,0.6979346517670965,0.01119511308028644,0.29087023515261706
id16354,0.998556094362708,0.0007367507229784138,0.0007071549143135249
id12207,0.06005949150528837,0.750288462015758,0.18965204647895353
id05665,0.20604854732039976,0.013369064533797268,0.780582388145803
id01911,0.9256379736458898,0.06424684316208651,0.010115183192023728
id19153,0.2935131440188949,0.0038837569832527643,0.7026030989978524
id10295,0.16182697541106839,0.10911207362315298,0.7290609509657786
id23038,0.5721522529207924,0.36406230784038934,0.0637854392388182
id23783,0.10136250701670428,0.8893375313835935,0.00929996159970204
id27879,0.9956757611059073,0.004009182458080769,0.000315056436011936
id19190,0.051893050795787724,0.9471557880595491,0.0009511611446631172
id05065,0.8060425188411564,0.06346295279244096,0.1304945283664027
id21296,0.049577730376348335,0.9476994303948514,0.0027228392288001896
id13262,0.22173620819899847,0.09199532208538636,0.6862684697156152
id10333,0.9513277181005619,0.02515008358117006,0.023522198318268073
id16677,0.3648189062519983,0.4623964411848875,0.1727846525631142
id01392,0.21166929041149218,0.1254330594726597,0.6628976501158481
id27874,0.9974078415376582,0.0015076462855801692,0.0010845121767616638
id02294,0.005322440528751572,0.9275423081584568,0.06713525131279156
id18298,0.004323149428856888,0.01759649476130144,0.9780803558098415
id06997,0.998871382727675,0.0009744563394179208,0.00015416093290706781
id05243,0.5034193251279909,0.31674122145575273,0.17983945341625623
id00860,0.004082793515809233,0.9883585607802969,0.007558645703893845
id26681,0.9975308354916216,0.0019482855643299553,0.0005208789440483321
id06020,0.03212607244160247,0.0010303015187728053,0.9668436260396247
id27683,0.982783163418682,0.012064895246683019,0.0051519413346349805
id17655,0.003194224801850336,0.9947735258225892,0.002032249375560533
id08817,0.028836223035839638,0.11822520700189205,0.8529385699622682
id11512,0.005920867642095958,0.018177410473395165,0.9759017218845087
id00478,0.400232791454624,0.15921654672416102,0.4405506618212151
id02116,0.930829360791799,0.023732801659115926,0.04543783754908511
id06746,0.9764200356010259,0.01866097307902844,0.004918991319945612
id03863,0.51756009423569,0.44103026306034065,0.04140964270396922
id01802,0.6741716599413591,0.16843924767467716,0.15738909238396379
id11682,0.8308104359156028,0.02458392237908544,0.14460564170531184
id04033,0.0016129134991998923,0.9966880003703008,0.0016990861304994281
id09286,0.035014323142930605,0.8821486291316641,0.08283704772540534
id12904,0.9970064590773602,0.0016015428025723025,0.0013919981200676557
id07420,0.0006800503058838375,0.0017361464113844736,0.9975838032827317
id22398,0.0005073815821276458,0.9990820867622242,0.0004105316556481765
id00424,0.005427582119120267,0.003733601835736938,0.9908388160451428
id20960,0.9854345412243931,0.012000478793747929,0.0025649799818588366
id10267,0.22949360426362858,0.7624889572366944,0.008017438499677126
id19330,0.42894324376024157,0.017669933844346817,0.5533868223954115
id00994,0.009579138595082299,0.9875192262293353,0.0029016351755824757
id10785,0.5677495117507878,0.3057845076013931,0.1264659806478191
id00955,0.06231110933828709,0.9170200556799667,0.02066883498174627
id09757,0.0006703817287132789,0.998878217200806,0.00045140107048084575
id10030,0.04216393151922287,0.01193450326133762,0.9459015652194395
id22952,0.017490256527033347,0.07366401691917798,0.9088457265537886
id21955,0.0018179660098606484,0.00916812776401897,0.9890139062261204
id07674,0.7740808379917063,0.1702685892874929,0.05565057272080059
id13760,0.04364822463452916,0.9451270453097176,0.011224730055753274
id18166,0.9899259987933513,0.003342668519265682,0.006731332687382851
id23498,0.9030227002652416,0.07946050812697873,0.017516791607779702
id05296,0.9969127482414045,0.0017415114018089653,0.0013457403567866178
id26709,0.9886282571451416,0.0028361268570008375,0.00853561599785759
id02853,0.9990544951071776,0.0005235553692074939,0.00042194952361488465
id06800,0.8792159970256109,0.035880260504116884,0.08490374247027208
id14758,0.4081658974726474,0.5864505007122528,0.0053836018150998245
id12356,0.9934883801312415,0.005300322235594486,0.0012112976331637893
id21492,0.9687958972741086,0.007771906117089942,0.02343219660880141
id27540,0.2618176084831696,0.02247843664216611,0.7157039548746642
id07376,0.02786127080122563,0.3136754432450996,0.6584632859536748
id15201,0.12126519987531591,0.7528146892477224,0.12592011087696184
id23388,0.04034271989257096,0.9359228911094588,0.023734388997970254
id13923,0.0054911940118499685,0.9940482891672564,0.00046051682089379733
id00794,0.0022707737802561373,0.95772473742854,0.040004488791203816
id23910,0.03322880747921345,0.04414326616777068,0.9226279263530157
id02556,0.007224912074055322,0.01707240712895191,0.9757026807969927
id22151,0.0036221073080057765,0.9960421002163564,0.00033579247563770084
id11698,0.17974308066314376,0.641945539131307,0.17831138020554918
id11627,0.1353948292340269,0.025477750407721475,0.8391274203582516
id06340,0.9921345865671033,0.0012295846658162957,0.006635828767080414
id05123,0.9834045321127974,0.0013889081614222958,0.015206559725780274
id26620,0.00276267563964619,0.0007833494226793943,0.9964539749376744
id04002,0.014958369882225766,0.12921845674997484,0.8558231733677995
id26554,0.24454158958188554,0.5788923682218942,0.17656604219622024
id18012,0.6597876505577039,0.04735395040817867,0.29285839903411737
id12964,0.4040418266882195,0.048744508408854234,0.5472136649029263
id18965,0.0158907458800221,0.4933392743078536,0.49076997981212434
id19082,0.12387289204817824,0.0039053532381055265,0.8722217547137161
id26742,0.045265521456359425,0.001162059249330359,0.9535724192943101
id15442,0.04063518145778238,0.9570314619280402,0.0023333566141774224
id16647,0.5571149722030853,0.06720672666460657,0.37567830113230816
id11544,0.1831422286587218,0.0677274399568306,0.7491303313844476
id20581,0.28247354164043587,0.17246416086115482,0.5450622974984094
id13192,0.2673695864242434,0.5613073712181235,0.17132304235763307
id15814,0.13708929310258122,0.6419695630049682,0.22094114389245056
id26279,0.054300264410672316,0.941506704852159,0.004193030737168589
id00240,0.9912010551122002,0.0033606274120171523,0.005438317475782614
id22836,0.9971126709846843,0.00020727388702447997,0.0026800551282910993
id15085,0.008868958580654814,0.9195395993330021,0.07159144208634326
id17495,0.464439789822309,0.0477701576171504,0.4877900525605406
id26762,0.9104291239221803,0.011037005039721538,0.07853387103809804
id13685,0.9996145157823696,1.3076667441475094e-05,0.00037240755018890003
id16560,0.004590512163004398,0.9945355900739327,0.0008738977630629479
id17184,0.0014418592346826643,0.996633787328423,0.0019243534368943308
id21635,0.9991138205591483,0.0003385316621638991,0.0005476477786878192
id26751,0.24144379197780533,0.7220632972846389,0.0364929107375557
id12351,0.9744583198671067,0.0025068297811139087,0.0230348503517794
id14872,0.4928816008957861,0.3474371392980046,0.1596812598062092
id18372,0.9883726699981711,0.0036706475904940278,0.007956682411334915
id26851,0.9662098642155422,0.014407424969085163,0.01938271081537271
id22659,0.9903374331287079,0.009455455474194194,0.00020711139709788683
id04102,0.004404820086823603,0.0004622851702789505,0.9951328947428973
id02353,0.021235200581392215,0.9005924446718288,0.078172354746779
id26721,0.997622169574078,0.0015055614741997761,0.0008722689517222444
id11171,0.7978518388450725,0.01609521285248252,0.18605294830244493
id13562,0.783662369374789,0.19822239302671787,0.018115237598493154
id26425,0.2305368345847991,0.07969344503773707,0.6897697203774638
id26394,0.5302084385260308,0.0949640941847387,0.37482746728923055
id22187,0.8192364162835779,0.10369401910047676,0.07706956461594525
id00422,0.990280345245406,0.009497242896542446,0.0002224118580516135
id22667,0.002377867059707404,0.996470010915739,0.0011521220245538494
id00911,0.9894932414036676,0.002835441271905719,0.007671317324426539
id17291,0.08046205189642205,0.28600177811118155,0.6335361699923965
id01915,0.0709545296616941,0.27667029175498337,0.6523751785833225
id01434,0.11644006942239371,0.05056279159658289,0.8329971389810233
id01584,0.9466776076907109,0.006901034880913968,0.046421357428375214
id09266,0.991291181626634,0.004115545925771722,0.0045932724475942965
id17494,0.0010154772257510232,0.9975528301618042,0.0014316926124448375
id24919,0.6286185500396267,0.2200626606055631,0.15131878935481013
id21043,0.05080097086129692,0.0012804307871271336,0.947918598351576
id17796,0.18155782349997227,0.8145015100297572,0.003940666470270423
id02166,0.4888470583908419,0.03921828531488826,0.47193465629426984
id17503,0.9581194416642685,0.0179739116903216,0.023906646645409774
id21203,0.9805148957434954,0.00363920352819887,0.015845900728305863
id25626,0.9993247762120819,0.00038418646033565914,0.00029103732758240707
id09836,0.9936822300677673,0.0010307808384056685,0.005286989093827071
id24202,0.04544366521660563,0.14010121235933604,0.8144551224240583
id27260,0.34561657297438264,0.12311538566571412,0.5312680413599031
id23167,0.0018810099355189862,0.0010396331781712957,0.9970793568863097
id10393,0.0032040497634955004,0.9954967920834094,0.0012991581530951187
id01171,0.9098448766373683,0.0882193499260367,0.0019357734365950967
id06380,0.9943900888958919,0.002915110026722404,0.002694801077385871
id22686,0.045913749107700415,0.0019496132427917348,0.9521366376495078
id26250,0.013954270672381164,0.010774746995244555,0.9752709823323743
id09315,0.10626523656362225,0.5986303229399078,0.29510444049647
id00886,0.004573247394066294,0.9536900877166267,0.04173666488930709
id03101,0.9396497151785823,0.007257856862405909,0.05309242795901178
id12367,0.9444029192256811,0.0027293559001122527,0.052867724874206684
id10770,0.9690969855333073,0.0178390402500795,0.013063974216613044
id14949,0.03130579899760122,0.9602749219793316,0.008419279023066996
id14141,0.21834238202062012,0.7592967790419174,0.022360838937462324
id25417,0.21703784388884148,0.6994727620589604,0.08348939405219814
id26873,0.8364459204012196,0.1555528050953911,0.008001274503389392
id10818,0.10584486874731634,0.036138921563307676,0.8580162096893761
id15146,0.8984961340630954,0.01597193783997194,0.08553192809693254
id23328,0.8452222507573467,0.12227643958010005,0.03250130966255306
id16765,0.04854043885906713,0.9361490606715276,0.015310500469405236
id24383,0.9912111852818696,0.0002951584116667463,0.00849365630646367
id21304,0.9986677740287956,0.0009198210339510133,0.0004124049372534895
id12551,0.00445413272278232,0.9916580344292165,0.0038878328480012048
id23274,0.003843777771320881,0.01698313241952488,0.9791730898091543
id08117,0.96187626104896,0.0072559867082929086,0.0308677522427472
id23961,0.9822126565522491,0.003367249823719141,0.014420093624031693
id13865,0.013248660336427702,0.9715617020367164,0.015189637626855884
id22807,0.3484300758809516,0.09997721928954484,0.5515927048295036
id08951,0.038237692922977885,0.010528911826579716,0.9512333952504425
id18684,0.9928296979632827,0.006025103387372461,0.0011451986493448629
id25179,0.0639322063539003,0.7821500493498791,0.15391774429622063
id27033,0.6561786918839948,0.03169349553741687,0.3121278125785883
id13977,0.0073275292049079,0.9820252996781097,0.010647171116982249
id19337,0.0007081427365411106,0.9969507798113134,0.002341077452145486
